####################################################################################################
#    Small instance of "2_20" is randomly generated.
#    NOTE:
#        (1) The first 2 lines is the location of depots.
#        (2) The position code type has two option:
#            0. GEO: longtitude-latitude coordinate
#            1. XY: Cartesian coordinate
#        (3) Each data record has six data fields as follwed:
#            #ID, #____X____, #____Y____, #DELIVERY_DEMAND, #PICKUP_DEMAND, #OBSOLETE_DEMAND
####################################################################################################

CodeType=1
DEPOT_NUM=2
STATION_NUM=20
VEHICLE_NUM=5

0   25.7852 18.7452   0   0   0
1   28.8816 20.2829   0   0   0
2   12.2876 24.3238   0   8   1
3   32.7242 21.4098   8   0   1
4   16.7730 28.7853   2   0   1
5   10.5741 16.1239   7   0   2
6   25.2050 20.6356   0   3   1
7   27.4846 10.7629   0   3   1
8   29.8005 21.8767   7   0   2
9   18.5418 11.4865   6   0   1
10  20.7692 12.6570   0   8   4
11  29.8606 29.1382   0   4   4
12  26.6342 13.2487   0   3   3
13  24.5972 11.8858   0   2   5
14  31.8595 16.6532   4   0   4
15  31.1810 12.8977   3   0   2
16  34.8121 10.1249   0   2   4
17  22.6814 16.5020   4   0   5
18  28.3015 28.9738   0   4   5
19  20.9364 28.0506   4   0   4
20  32.4488 14.3165   2   0   4
21  20.1724 25.8101   0   3   2
