####################################################################################################
#    Small instance of "3_19" is randomly generated.
#    NOTE:
#        (1) The first 3 lines is the location of depots.
#        (2) The position code type has two option:
#            0. GEO: longtitude-latitude coordinate
#            1. XY: Cartesian coordinate
#        (3) Each data record has six data fields as follwed:
#            #ID, #____X____, #____Y____, #DELIVERY_DEMAND, #PICKUP_DEMAND, #OBSOLETE_DEMAND
####################################################################################################

CodeType=1
DEPOT_NUM=3
STATION_NUM=19
VEHICLE_NUM=5

0   29.2980 24.3600   0   0   0
1   20.3271 11.3702   0   0   0
2   33.2174 24.0011   0   0   0
3   33.4052 10.8892   4   0   3
4   13.1730 18.1118   0   3   5
5   18.7791 27.5514   0   6   3
6   19.8429 18.5890   5   0   5
7   17.3730 13.6584   7   0   3
8   23.9339 16.7664   0   7   3
9   21.9198 21.3822   5   0   1
10  31.4971 15.2687   4   0   3
11  33.9107 23.0756   7   0   5
12  33.1458 15.6119   0   3   4
13  22.1657 28.8478   3   0   4
14  28.3654 20.5872   0   4   3
15  15.6760 14.7373   0   4   1
16  20.2879 18.4001   0   6   4
17  22.4006 21.2737   6   0   5
18  30.3491 22.1225   4   0   4
19  18.5141 18.1719   5   0   1
20  10.2362 11.2207   2   0   2
21  31.7656 14.4797   7   0   2
