####################################################################################################
#    Small instance of "3_20" is randomly generated.
#    NOTE:
#        (1) The first 3 lines is the location of depots.
#        (2) The position code type has two option:
#            0. GEO: longtitude-latitude coordinate
#            1. XY: Cartesian coordinate
#        (3) Each data record has six data fields as follwed:
#            #ID, #____X____, #____Y____, #DELIVERY_DEMAND, #PICKUP_DEMAND, #OBSOLETE_DEMAND
####################################################################################################

CodeType=1
DEPOT_NUM=3
STATION_NUM=20
VEHICLE_NUM=5

0   34.0377 29.8304   0   0   0
1   21.2387 28.4056   0   0   0
2   30.4677 13.6265   0   0   0
3   14.1392 25.7004   0   3   1
4   14.6585 28.9767   2   0   1
5   13.1696 25.7437   7   0   1
6   26.8318 15.3213   2   0   3
7   34.8559 12.5737   0   4   4
8   32.7380 12.4477   0   2   4
9   11.4098 15.0584   2   0   1
10  16.0900 21.5151   2   0   1
11  17.9050 26.4053   0   6   2
12  11.8685 19.7473   0   2   5
13  22.3190 13.4639   0   2   5
14  26.4807 14.6201   3   0   1
15  19.1601 11.2946   0   6   2
16  27.9711 28.6797   4   0   5
17  19.7499 10.9672   0   3   4
18  30.2231 26.2104   3   0   4
19  22.9686 29.5667   0   4   2
20  33.8501 24.9967   3   0   2
21  11.0616 26.6576   4   0   5
22  14.6683 22.5204   0   8   4
