####################################################################################################
#    Small instance of "4_18" is randomly generated.
#    NOTE:
#        (1) The first 4 lines is the location of depots.
#        (2) The position code type has two option:
#            0. GEO: longtitude-latitude coordinate
#            1. XY: Cartesian coordinate
#        (3) Each data record has six data fields as follwed:
#            #ID, #____X____, #____Y____, #DELIVERY_DEMAND, #PICKUP_DEMAND, #OBSOLETE_DEMAND
####################################################################################################

CodeType=1
DEPOT_NUM=4
STATION_NUM=18
VEHICLE_NUM=5

0   16.0987 11.6256   0   0   0
1   28.9395 19.3947   0   0   0
2   10.3537 12.3702   0   0   0
3   34.0448 25.4103   0   0   0
4   18.1501 29.9839   4   0   1
5   33.7672 20.4682   7   0   3
6   17.3990 14.6783   0   4   4
7   27.1163 10.8181   0   8   1
8   11.4781 15.9735   6   0   2
9   26.5357 29.5847   0   2   0
10  32.1200 17.9207   0   8   1
11  11.1175 29.2312   0   1   4
12  14.2209 22.5923   0   8   1
13  24.3681 28.0306   0   3   1
14  34.4146 18.7767   0   8   1
15  16.7155 13.3035   3   0   4
16  15.6603 21.2620   0   4   1
17  26.7463 24.4476   0   2   3
18  33.3262 22.7937   4   0   2
19  25.9432 14.3197   0   2   0
20  12.8781 25.6501   5   0   2
21  23.6393 28.3749   7   0   4
