####################################################################################################
#    Small instance of "4_19" is randomly generated.
#    NOTE:
#        (1) The first 4 lines is the location of depots.
#        (2) The position code type has two option:
#            0. GEO: longtitude-latitude coordinate
#            1. XY: Cartesian coordinate
#        (3) Each data record has six data fields as follwed:
#            #ID, #____X____, #____Y____, #DELIVERY_DEMAND, #PICKUP_DEMAND, #OBSOLETE_DEMAND
####################################################################################################

CodeType=1
DEPOT_NUM=4
STATION_NUM=19
VEHICLE_NUM=5

0   27.9485 20.2520   0   0   0
1   11.0409 26.6863   0   0   0
2   31.7891 26.9796   0   0   0
3   22.9951 25.6121   0   0   0
4   12.4487 29.2731   5   0   2
5   23.1288 10.8886   0   4   3
6   33.6569 25.6441   0   5   2
7   32.1323 25.5371   7   0   2
8   21.3207 29.0566   0   3   3
9   16.3116 19.8316   0   4   4
10  13.6214 26.3035   0   6   3
11  31.1855 27.5957   0   2   4
12  31.4349 20.1888   4   0   4
13  12.1598 14.1679   0   8   2
14  22.7909 24.1021   8   0   3
15  33.2210 16.0038   2   0   2
16  18.6170 20.4350   0   3   4
17  29.0266 25.3202   8   0   2
18  13.6358 24.0206   4   0   3
19  26.4003 17.0159   8   0   2
20  24.2438 27.4899   7   0   1
21  30.7724 21.5768   0   6   5
22  16.7901 17.6046   0   2   3
