####################################################################################################
#    Small instance of "4_20" is randomly generated.
#    NOTE:
#        (1) The first 4 lines is the location of depots.
#        (2) The position code type has two option:
#            0. GEO: longtitude-latitude coordinate
#            1. XY: Cartesian coordinate
#        (3) Each data record has six data fields as follwed:
#            #ID, #____X____, #____Y____, #DELIVERY_DEMAND, #PICKUP_DEMAND, #OBSOLETE_DEMAND
####################################################################################################

CodeType=1
DEPOT_NUM=4
STATION_NUM=20
VEHICLE_NUM=5

0   31.9249 16.9443   0   0   0
1   17.8507 13.4951   0   0   0
2   33.6678 20.5091   0   0   0
3   18.4941 24.0490   0   0   0
4   33.1345 26.9647   6   0   4
5   33.5158 20.2863   0   4   4
6   34.1419 16.9549   0   7   5
7   20.3364 26.8757   7   0   1
8   11.4137 18.0042   0   2   2
9   28.6056 22.9594   0   3   1
10  26.5538 28.0137   5   0   3
11  23.8313 21.3559   3   0   1
12  10.9141 23.5814   3   0   5
13  16.6440 25.9407   0   6   2
14  19.3167 20.8701   3   0   1
15  21.2639 18.6189   8   0   2
16  21.8842 20.5477   0   8   3
17  12.9903 28.8092   0   3   2
18  24.0155 13.1688   6   0   3
19  29.9698 20.4953   4   0   3
20  13.2201 18.1509   0   2   4
21  31.3164 23.8010   0   7   1
22  18.6553 12.1249   5   0   2
23  13.2787 23.2844   0   8   5
