####################################################################################################
#    Instance of "NYC_4_060" is randomly generated from "citybike.csv".
#    NOTE:
#        (1) The first 4 lines is the location of depots.
#        (2) The position code type has two option:
#            0. GEO: longtitude-latitude coordinate
#            1. XY: Cartesian coordinate
#        (3) Each data record has six data fields as follwed:
#            #ID, #LATITUDE, #LONGTITUDE, #DELIVERY_DEMAND, #PICKUP_DEMAND, #OBSOLETE_DEMAND
####################################################################################################

COORD=0
DEPOT_NUM=4
STATION_NUM=60
VEHICLE_NUM=20

0   -73.9604 40.7745   0   0   0
1   -73.9985 40.6993   0   0   0
2   -73.9500 40.7009   0   0   0
3   -74.0703 40.7266   0   0   0
4   -73.9835 40.6728   0   9   0
5   -73.9913 40.7602   0   2   2
6   -74.0073 40.7071   0   4   2
7   -74.0573 40.7459   2   0   0
8   -73.9867 40.7014   0   3   3
9   -74.0065 40.7096   6   0   0
10  -73.9833 40.7185   9   0   0
11  -73.9829 40.7775   4   0   0
12  -73.9665 40.7990   8   0   1
13  -73.9693 40.7576   4   0   0
14  -74.0050 40.7083   0   4   1
15  -74.0081 40.7393   0   7   2
16  -73.9520 40.7161   0   3   1
17  -73.9678 40.7521   0   4   2
18  -74.0720 40.7257   0   1   0
19  -73.9878 40.7127   0   4   2
20  -73.9967 40.7634   2   0   0
21  -74.0087 40.6571   4   0   3
22  -73.9548 40.7690   2   0   2
23  -73.9771 40.7868   3   0   1
24  -74.0139 40.7019   6   0   0
25  -73.9451 40.7574   6   0   0
26  -73.9143 40.7596   5   0   1
27  -73.9510 40.7088   6   0   1
28  -73.9821 40.6705   0   2   2
29  -73.9482 40.7164   2   0   2
30  -73.9718 40.6931   0   5   0
31  -73.9872 40.6846   0   4   1
32  -74.0784 40.7246   3   0   0
33  -74.0020 40.7455   0  12   5
34  -73.9898 40.6726   1   0   1
35  -73.9351 40.7138   0   2   0
36  -73.9482 40.7041   4   0   1
37  -73.9468 40.7725   3   0   1
38  -73.9856 40.7806   3   0   4
39  -73.9711 40.8013   0   2   1
40  -74.0086 40.7362   0   7   6
41  -73.9784 40.7631  10   0   0
42  -73.9452 40.8084   7   0   0
43  -73.9979 40.6747   0   2   2
44  -74.0093 40.7047   9   0   5
45  -73.9840 40.6638   2   0   1
46  -73.9613 40.8121   0   1   0
47  -74.0032 40.6764   0   2   0
48  -74.0149 40.6923   4   0   1
49  -74.0639 40.7309   0   1   0
50  -74.0836 40.7182   0   1   0
51  -73.9371 40.6924   4   0   3
52  -73.9327 40.7572  10   0   0
53  -74.0666 40.7144   0   3   0
54  -73.9473 40.7877   0   1   1
55  -73.9569 40.6627   0   3   1
56  -73.9374 40.7672   4   0   0
57  -74.0086 40.7288   3   0   1
58  -73.9308 40.7659   0   1   3
59  -73.9524 40.7895  13   0   1
60  -73.9459 40.7505   0   4   1
61  -73.9961 40.6909   5   0   1
62  -73.9899 40.7143   0   2   1
63  -73.9892 40.7752   0  12   2
