####################################################################################################
#    Instance of "NYC_2_400" is randomly generated from "citybike.csv".
#    NOTE:
#        (1) The first 2 lines is the location of depots.
#        (2) The position code type has two option:
#            0. GEO: longtitude-latitude coordinate
#            1. XY: Cartesian coordinate
#        (3) Each data record has six data fields as follwed:
#            #ID, #LATITUDE, #LONGTITUDE, #DELIVERY_DEMAND, #PICKUP_DEMAND, #OBSOLETE_DEMAND
####################################################################################################

COORD=0
DEPOT_NUM=2
STATION_NUM=400
VEHICLE_NUM=20

0   -73.9550 40.7758   0   0   0
1   -73.9873 40.7092   0   0   0
2   -73.9875 40.7383  13   0   0
3   -73.9137 40.7656   4   0   1
4   -73.9800 40.7230   7   0   2
5   -74.0381 40.7211   0   2   0
6   -73.9552 40.8100   0   2   0
7   -73.9830 40.6896   5   0   2
8   -73.9551 40.7323   7   0   4
9   -73.9418 40.7438   5   0   0
10  -73.9618 40.6687   3   0   1
11  -73.9411 40.6852   5   0   0
12  -73.9495 40.6954   6   0   1
13  -73.9629 40.7941   0   2   1
14  -73.9919 40.7161   8   0   2
15  -74.0095 40.6778   3   0   2
16  -73.9422 40.7191   1   0   1
17  -73.9744 40.7000   4   0   0
18  -73.9775 40.7786   0   4   0
19  -73.9557 40.7241   0   1   0
20  -73.9892 40.7429   0   1   1
21  -74.0666 40.7144   0   3   0
22  -73.9739 40.7921   0   1   1
23  -73.9779 40.7516   0   1   0
24  -73.9797 40.7391   0   9   4
25  -73.9659 40.7129   0   3   1
26  -73.9498 40.7471   2   0   2
27  -73.9953 40.7449   0   2   1
28  -74.0139 40.7019   6   0   0
29  -73.9373 40.7969   3   0   1
30  -73.9371 40.6924   4   0   3
31  -73.9760 40.7489  16   0   1
32  -73.9757 40.7331   0   9   0
33  -73.9715 40.7664   0   1   2
34  -74.0068 40.7433   0   1   0
35  -73.9803 40.7541  20   0   1
36  -74.0002 40.7112   5   0   0
37  -73.9584 40.7688   6   0   2
38  -73.9276 40.7767   0   2   1
39  -73.9486 40.7552   0   3   0
40  -73.9606 40.7699   4   0   0
41  -74.0438 40.7177   5   0   3
42  -73.9532 40.8025   4   0   3
43  -73.9727 40.6875   3   0   4
44  -74.0510 40.7194   1   0   0
45  -73.9410 40.7125   6   0   0
46  -73.9498 40.6840   0   2   5
47  -74.0075 40.7428  14   0   0
48  -74.0625 40.7337   0   1   1
49  -73.9767 40.6869   0   6   2
50  -74.0072 40.7086   7   0   1
51  -73.9363 40.7602   0   1   0
52  -73.9471 40.7104   0   5   0
53  -74.0442 40.7276   0   2   1
54  -74.0573 40.7459   2   0   0
55  -74.0335 40.7162   9   0   0
56  -73.9609 40.7612   5   0   2
57  -73.9813 40.7872   4   0   1
58  -73.9826 40.7567   7   0   1
59  -73.9712 40.7502   5   0   1
60  -73.9479 40.7519   6   0   0
61  -73.9585 40.7190   0   1   0
62  -73.9713 40.6957   0   3   0
63  -73.9891 40.7221   7   0   1
64  -73.9785 40.6796   3   0   1
65  -73.9476 40.7903  12   0   0
66  -74.0429 40.7217   7   0   0
67  -73.9447 40.6862   2   0   2
68  -73.9441 40.7051   0   3   5
69  -73.9389 40.7991   0   1   0
70  -73.9870 40.7156   0   4   0
71  -73.9246 40.7714   0   3   0
72  -73.9475 40.7248   0   3   1
73  -73.9380 40.7536   6   0   0
74  -73.9488 40.7177   0   3   2
75  -73.9648 40.7913   7   0   1
76  -74.0410 40.7165   0   1   0
77  -74.0477 40.7185   4   0   0
78  -74.0021 40.7559  13   0   2
79  -73.9559 40.8039   0   8   1
80  -73.9472 40.7840   0  10   0
81  -73.9741 40.7942   4   0   0
82  -73.9339 40.7062   2   0   0
83  -73.9877 40.7510   3   0   0
84  -73.9719 40.7546  18   0   0
85  -73.9413 40.7485   2   0   1
86  -73.9916 40.7492   0   2   3
87  -73.9897 40.6999   6   0   1
88  -73.9904 40.6686   0   3   1
89  -74.0102 40.7129   1   0   0
90  -73.9547 40.8052   7   0   1
91  -73.9660 40.6832   8   0   2
92  -73.9813 40.6920   0   3   4
93  -74.0720 40.7257   0   1   0
94  -73.9587 40.7356   0   6   2
95  -73.9810 40.6899   7   0   5
96  -73.9445 40.7752   3   0   0
97  -74.0003 40.7322   0   1   1
98  -73.9548 40.7690   2   0   2
99  -73.9675 40.6961   1   0   2
100 -73.9582 40.7650   8   0   3
101 -73.9606 40.6664   2   0   2
102 -73.9577 40.6708  11   0   1
103 -73.9553 40.7835   0   1   0
104 -73.9397 40.8046   0   2   1
105 -73.9383 40.7923   4   0   1
106 -73.9464 40.7058   1   0   1
107 -74.0097 40.7241   4   0   1
108 -73.9522 40.7806   4   0   1
109 -73.9711 40.8013   0   2   1
110 -73.9632 40.7169   2   0   2
111 -74.0089 40.7072   5   0   2
112 -73.9819 40.7245   3   0   3
113 -74.0022 40.7502   0   8   4
114 -73.9449 40.7087   0   4   5
115 -73.9900 40.7564   0  17   5
116 -73.9397 40.7527   0   1   0
117 -73.9980 40.7353   0   3   1
118 -73.9938 40.6864   3   0   0
119 -73.9309 40.7740   0   2   0
120 -73.9643 40.7763  10   0   2
121 -73.9473 40.7452   0   1   1
122 -73.9569 40.6627   0   3   1
123 -73.9532 40.8144   0   2   2
124 -73.9924 40.7373  15   0   0
125 -73.9489 40.7192   0   1   2
126 -73.9437 40.7017   0   3   5
127 -73.9799 40.6687   1   0   0
128 -73.9498 40.7240   0   1   1
129 -73.9443 40.7256   0   6   0
130 -73.9391 40.7576   0   1   0
131 -73.9919 40.7117   0   6   6
132 -73.9965 40.6862   3   0   1
133 -73.9790 40.7771   0   4   0
134 -73.9703 40.7597  11   0   3
135 -73.9936 40.6777   5   0   1
136 -73.9355 40.7692   0   3   0
137 -73.9452 40.8084   7   0   0
138 -73.9169 40.7613   7   0   3
139 -73.9708 40.6980   0   2   2
140 -73.9455 40.7863   0   3   0
141 -73.9918 40.6910   4   0   1
142 -73.9691 40.7500   9   0   2
143 -73.9471 40.6996   5   0   1
144 -73.9338 40.7747   3   0   1
145 -73.9710 40.7053   1   0   0
146 -73.9482 40.7164   2   0   2
147 -73.9577 40.7786   8   0   0
148 -73.9908 40.6820   1   0   2
149 -74.0576 40.7312   6   0   0
150 -73.9881 40.7485  10   0   1
151 -73.9491 40.8026   0   1   1
152 -73.9768 40.7394   4   0   2
153 -73.9539 40.7303   2   0   3
154 -73.9774 40.7382   0   3   2
155 -73.9852 40.7637   0   1   2
156 -73.9596 40.6765   0   2   0
157 -73.9431 40.8108   4   0   0
158 -73.9491 40.7134   2   0   2
159 -73.9896 40.7403  10   0   2
160 -74.0120 40.6736   1   0   0
161 -74.0094 40.7111   8   0   0
162 -74.0017 40.7249   0   4   3
163 -73.9337 40.7107   0   2   2
164 -73.9960 40.6787   6   0   1
165 -73.9743 40.6854   0   2   1
166 -74.0784 40.7246   3   0   0
167 -73.9807 40.7297   0   9   3
168 -73.9556 40.6776   0   4   1
169 -73.9992 40.7448   0  12   1
170 -73.9807 40.6984   4   0   3
171 -73.9866 40.7551   0   2   0
172 -73.9797 40.7439   2   0   2
173 -73.9660 40.7580   4   0   0
174 -73.9836 40.6947   0   6   7
175 -73.9349 40.8007   4   0   1
176 -73.9497 40.7811   2   0   0
177 -73.9521 40.7497   5   0   1
178 -73.9631 40.6716  11   0   2
179 -74.0047 40.7243   5   0   5
180 -74.0016 40.6876   0   2   0
181 -73.9335 40.7519   0   1   1
182 -73.9575 40.7858  13   0   0
183 -73.9077 40.7714   4   0   0
184 -73.9600 40.7318   0   4   0
185 -73.9262 40.6978   0   2   1
186 -73.9757 40.6809   0   1   0
187 -73.9689 40.6933   0  12   1
188 -73.9910 40.7302  17   0   3
189 -74.0065 40.7096   6   0   0
190 -73.9602 40.7153   4   0   1
191 -73.9411 40.7614   0   4   0
192 -74.0440 40.7443   0   2   0
193 -73.9915 40.7005   7   0   3
194 -74.0166 40.7153   9   0   1
195 -73.9997 40.7191   0   1   1
196 -74.0055 40.7115   7   0   0
197 -73.9966 40.7271   0   5   3
198 -73.9433 40.7472   8   0   0
199 -73.9358 40.6863   3   0   5
200 -74.0000 40.7435  11   0   7
201 -73.9525 40.7923   8   0   4
202 -73.9499 40.7728   0   5   1
203 -73.9951 40.7333   2   0   2
204 -73.9619 40.7953  10   0   1
205 -73.9949 40.7314   4   0   3
206 -73.9826 40.7022   3   0   0
207 -73.9451 40.7574   6   0   0
208 -73.9906 40.6867   2   0   1
209 -73.9832 40.7553   0   7   0
210 -73.9985 40.7131   4   0   0
211 -73.9540 40.6822   5   0   0
212 -74.0112 40.7149   4   0   0
213 -73.9538 40.6851   4   0   3
214 -73.9781 40.7365   4   0   1
215 -73.9728 40.7850   0   2   0
216 -73.9380 40.7510   0   3   1
217 -73.9565 40.8134   0   4   1
218 -73.9459 40.8040   0   2   1
219 -73.9630 40.6849   6   0   0
220 -73.9486 40.7859   8   0   0
221 -73.9747 40.7884   4   0   0
222 -74.0157 40.6772   0   3   1
223 -73.9552 40.7182   0   1   2
224 -73.9711 40.6750   0   1   1
225 -73.9880 40.7354   8   0   0
226 -73.9634 40.8109   0   1   0
227 -73.9863 40.6924   0   1   1
228 -73.9562 40.6758   4   0   0
229 -73.9541 40.6727   0   4   0
230 -74.0029 40.7340   4   0   2
231 -73.9710 40.6810   0   3   1
232 -74.0504 40.7348   5   0   0
233 -73.9659 40.7546   0   4   0
234 -73.9621 40.7998   0   1   0
235 -73.9960 40.7188   9   0   2
236 -73.9999 40.7378   0   1   1
237 -73.9545 40.7473   2   0   0
238 -73.9964 40.7380  17   0   0
239 -73.9385 40.6800   0   1   0
240 -73.9586 40.7731   7   0   0
241 -73.9606 40.6631   2   0   1
242 -73.9967 40.7634   2   0   0
243 -73.9837 40.7222   8   0   0
244 -73.9787 40.7829   0   5   0
245 -73.9742 40.7258   0   5   1
246 -74.0525 40.7376   0   3   2
247 -73.9826 40.7716   9   0   0
248 -73.9894 40.7026   0   4   1
249 -74.0507 40.7242   0   3   0
250 -73.9815 40.6793   2   0   0
251 -73.9460 40.7920   3   0   8
252 -73.9641 40.7085   6   0   4
253 -73.9689 40.6894   2   0   2
254 -73.9682 40.8021  11   0   0
255 -74.0030 40.7497   0   1   4
256 -73.9622 40.7738   0   1   1
257 -73.9848 40.7131   3   0   2
258 -73.9448 40.7989   7   0   0
259 -74.0377 40.7152   0   5   0
260 -73.9531 40.8097   0   1   0
261 -73.9146 40.7787   0   3   0
262 -74.0123 40.7012   0   5   1
263 -73.9521 40.7881   0   2   0
264 -74.0084 40.7038   3   0   0
265 -73.9784 40.7631  10   0   0
266 -73.9927 40.7189   3   0   2
267 -73.9507 40.7757   2   0   0
268 -73.9892 40.7636   7   0   0
269 -73.9877 40.7028   7   0   0
270 -74.0789 40.7111   0   1   0
271 -73.9524 40.7895  13   0   1
272 -73.9778 40.7734   3   0   1
273 -73.9379 40.8029   7   0   0
274 -73.9907 40.7250   1   0   0
275 -73.9577 40.7711  11   0   0
276 -73.9670 40.8042   4   0   0
277 -73.9656 40.6865   0   2   2
278 -74.0463 40.7215   0   1   0
279 -73.9477 40.6804   0   2   2
280 -73.9933 40.6685   0   6   0
281 -73.9856 40.7806   3   0   4
282 -74.0715 40.7221   2   0   0
283 -73.9794 40.6882   0   3   6
284 -73.9779 40.6851   5   0   3
285 -73.9869 40.7658   6   0   2
286 -74.0093 40.7047   9   0   5
287 -73.9300 40.7030   0   2   0
288 -73.9932 40.6829   2   0   1
289 -73.9562 40.7261   0  12   1
290 -73.9704 40.7882   0   1   0
291 -73.9875 40.7517   0   1   3
292 -73.9538 40.6933   0   4   0
293 -73.9590 40.8143   8   0   3
294 -73.9615 40.6822   6   0   8
295 -73.9449 40.7170   1   0   0
296 -73.9437 40.6962   0   3   2
297 -74.0639 40.7309   0   1   0
298 -73.9991 40.7305   0   5   2
299 -73.9498 40.7054   4   0   2
300 -73.9606 40.7982   0   2   1
301 -73.9536 40.7878   0   1   0
302 -73.9938 40.7590   1   0   1
303 -73.9548 40.7208   3   0   0
304 -73.9869 40.7342   2   0   1
305 -73.9997 40.7160   8   0   1
306 -73.9763 40.6838  18   0   1
307 -73.9376 40.6968   0   3   1
308 -73.9821 40.7359   7   0   1
309 -73.9845 40.7607  10   0   3
310 -73.9795 40.7275   0  13   4
311 -73.9745 40.7432   0   5   2
312 -73.9833 40.7185   9   0   0
313 -73.9787 40.6741   0   5   1
314 -73.9865 40.6770   3   0   0
315 -73.9848 40.6977   3   0   0
316 -73.9578 40.7291   0  11   1
317 -73.9721 40.7630  15   0  10
318 -74.0355 40.7243   0   1   1
319 -73.9126 40.7748   4   0   2
320 -73.9432 40.7933   6   0   1
321 -73.9889 40.7322   2   0   0
322 -73.9561 40.7093   3   0   0
323 -73.9452 40.6913   0   3   1
324 -73.9543 40.7748   9   0   0
325 -73.9829 40.7775   4   0   0
326 -74.0132 40.7175   0   2   4
327 -73.9222 40.7603   4   0   1
328 -73.9321 40.7596   8   0   0
329 -73.9348 40.7668   3   0   0
330 -74.0028 40.7609   7   0   4
331 -73.9719 40.7938   0   1   0
332 -73.9312 40.7975   0   3   1
333 -73.9938 40.7028   0   3   0
334 -73.9596 40.7434   0   1   0
335 -73.9373 40.7413   6   0   0
336 -73.9684 40.7076   0   4   3
337 -73.9900 40.7202   0   6   5
338 -73.9392 40.8076   0   2   0
339 -73.9913 40.7602   0   2   2
340 -73.9888 40.6705   0   3   1
341 -73.9535 40.7666   0   3   0
342 -73.9170 40.7712   0   1   1
343 -73.9780 40.6961   0   3   6
344 -74.0067 40.7036   2   0   2
345 -74.0460 40.7233   4   0   0
346 -73.9592 40.7591   0   2   0
347 -73.9817 40.7322   7   0   0
348 -73.9981 40.7292   0   4   1
349 -73.9961 40.6909   5   0   1
350 -74.0076 40.6747   0   8   0
351 -73.9836 40.7841   5   0   1
352 -73.9280 40.7531   6   0   0
353 -74.0000 40.6917   0  10   3
354 -73.9185 40.7746   0   4   0
355 -73.9671 40.6740   0   1   1
356 -73.9933 40.6725   0   4   0
357 -73.9985 40.7323   2   0   3
358 -73.9909 40.7502   0   6   1
359 -73.9645 40.7950   8   0   1
360 -74.0170 40.6869   0   1   1
361 -73.9153 40.7762   4   0   0
362 -73.9417 40.8070   4   0   2
363 -74.0062 40.7365   0   7   1
364 -74.0488 40.7257   0   4   0
365 -74.0086 40.6812   1   0   1
366 -73.9979 40.6747   0   2   2
367 -73.9421 40.6895   4   0   1
368 -74.0081 40.7393   0   7   2
369 -73.9712 40.7442   6   0   2
370 -73.9878 40.7127   0   4   2
371 -73.9763 40.7659  15   0   1
372 -73.9830 40.7444   0   3   0
373 -74.0105 40.7175   0   3   2
374 -73.9306 40.7611   0   1   0
375 -73.9826 40.6828   3   0   1
376 -73.9416 40.7955   3   0   0
377 -74.0389 40.7184   3   0   1
378 -73.9509 40.6883   2   0   1
379 -73.9709 40.6730   0   3   1
380 -73.9523 40.7988   0   1   1
381 -73.9830 40.6854   1   0   1
382 -74.0030 40.7271   0   2   2
383 -73.9107 40.7641   5   0   0
384 -73.9479 40.6901   5   0   1
385 -73.9972 40.7473   7   0   3
386 -74.0669 40.7377   0   3   0
387 -73.9992 40.6848   1   0   0
388 -74.0321 40.7287   0   5   0
389 -73.9626 40.7126   0   3   6
390 -74.0014 40.7410   6   0   1
391 -73.9835 40.6728   0   9   0
392 -73.9459 40.7817   3   0   0
393 -74.0050 40.7083   0   4   1
394 -73.9995 40.7236   0   4   3
395 -73.9497 40.7846   0   1   1
396 -73.9849 40.7477   5   0   1
397 -73.9225 40.7775   0   4   0
398 -73.9580 40.6945   0   3   1
399 -73.9308 40.7659   0   1   3
400 -73.9752 40.6751   8   0   0
401 -74.0061 40.7053   0   2   2
