####################################################################################################
#    Instance of "NYC_3_150" is randomly generated from "citybike.csv".
#    NOTE:
#        (1) The first 3 lines is the location of depots.
#        (2) The position code type has two option:
#            0. GEO: longtitude-latitude coordinate
#            1. XY: Cartesian coordinate
#        (3) Each data record has six data fields as follwed:
#            #ID, #LATITUDE, #LONGTITUDE, #DELIVERY_DEMAND, #PICKUP_DEMAND, #OBSOLETE_DEMAND
####################################################################################################

COORD=0
DEPOT_NUM=3
STATION_NUM=150
VEHICLE_NUM=20

0   -74.0016 40.7279   0   0   0
1   -73.9530 40.7752   0   0   0
2   -73.9699 40.6903   0   0   0
3   -73.9672 40.7610   0   1   0
4   -73.9441 40.6824   0   4   0
5   -73.9523 40.7988   0   1   1
6   -73.9741 40.7942   4   0   0
7   -73.9909 40.7502   0   6   1
8   -73.9617 40.7204   6   0   2
9   -73.9880 40.7354   8   0   0
10  -73.9350 40.7975   3   0   0
11  -73.9479 40.7519   6   0   0
12  -73.9894 40.7026   0   4   1
13  -73.9763 40.7178   0   3   0
14  -73.9592 40.7591   0   2   0
15  -74.0504 40.7260   0   5   0
16  -73.9771 40.7429   3   0   5
17  -73.9880 40.7705   0  16   1
18  -73.9276 40.7767   0   2   1
19  -73.9243 40.7581   0   2   2
20  -74.0128 40.6773   0   2   3
21  -73.9524 40.7895  13   0   1
22  -73.9805 40.7338   0  15   5
23  -73.9790 40.6831   7   0   7
24  -73.9567 40.6666   0   4   1
25  -73.9942 40.7158   6   0   1
26  -73.9618 40.6687   3   0   1
27  -73.9648 40.6885   6   0   1
28  -73.9335 40.7519   0   1   1
29  -74.0051 40.7394   0   4   2
30  -74.0136 40.7046   1   0   4
31  -73.9665 40.7644   0   4   1
32  -73.9940 40.7108   3   0   3
33  -73.9562 40.6758   4   0   0
34  -74.0625 40.7337   0   1   1
35  -73.9557 40.7241   0   1   0
36  -73.9779 40.7516   0   1   0
37  -73.9858 40.7231   3   0   7
38  -74.0381 40.7211   0   2   0
39  -73.9728 40.7850   0   2   0
40  -73.9838 40.6681   0   6   0
41  -73.9997 40.7191   0   1   1
42  -74.0055 40.7176   5   0   0
43  -73.9531 40.8097   0   1   0
44  -74.0068 40.7433   0   1   0
45  -73.9787 40.6741   0   5   1
46  -73.9791 40.7667  14   0   0
47  -73.9848 40.7131   3   0   2
48  -73.9837 40.7222   8   0   0
49  -73.9593 40.6868   0   4   1
50  -74.0404 40.7487   0   3   0
51  -73.9383 40.7923   4   0   1
52  -73.9713 40.6957   0   3   0
53  -73.9386 40.7154   6   0   0
54  -73.9391 40.7627   0   2   0
55  -73.9569 40.6627   0   3   1
56  -74.0157 40.6772   0   3   1
57  -74.0377 40.7152   0   5   0
58  -74.0104 40.7091   5   0   2
59  -73.9510 40.7088   6   0   1
60  -73.9503 40.7003   0   4   1
61  -73.9905 40.7715   1   0   0
62  -73.9475 40.7248   0   3   1
63  -73.9107 40.7641   5   0   0
64  -73.9797 40.7391   0   9   4
65  -73.9767 40.6869   0   6   2
66  -73.9641 40.7085   6   0   4
67  -73.9391 40.7576   0   1   0
68  -74.0525 40.7376   0   3   2
69  -73.9719 40.7546  18   0   0
70  -73.9540 40.6822   5   0   0
71  -74.0035 40.6830   3   0   0
72  -73.9237 40.7746   6   0   1
73  -74.0021 40.7559  13   0   2
74  -73.9891 40.7221   7   0   1
75  -73.9486 40.7859   8   0   0
76  -73.9872 40.6951   8   0  12
77  -74.0061 40.7053   0   2   2
78  -74.0086 40.7288   3   0   1
79  -73.9826 40.6828   3   0   1
80  -73.9910 40.7302  17   0   3
81  -73.9392 40.8076   0   2   0
82  -73.9535 40.7666   0   3   0
83  -73.9654 40.6920   0   5   1
84  -74.0075 40.7428  14   0   0
85  -73.9498 40.7471   2   0   2
86  -73.9821 40.7359   7   0   1
87  -73.9422 40.7191   1   0   1
88  -74.0019 40.6743   0   4   0
89  -73.9704 40.7974   0   3   0
90  -73.9498 40.6840   0   2   5
91  -73.9981 40.7292   0   4   1
92  -73.9886 40.7462   9   0   1
93  -73.9979 40.6747   0   2   2
94  -73.9836 40.6947   0   6   7
95  -73.9863 40.7207   0  10   1
96  -73.9763 40.7659  15   0   1
97  -73.9631 40.6716  11   0   2
98  -74.0105 40.7175   0   3   2
99  -73.9828 40.6773   0   7   1
100 -73.9867 40.7014   0   3   3
101 -73.9919 40.7117   0   6   6
102 -73.9489 40.7425   0   3   0
103 -73.9560 40.7814   6   0   0
104 -73.9602 40.7153   4   0   1
105 -73.9358 40.7072   5   0   0
106 -73.9222 40.7603   4   0   1
107 -74.0168 40.7057   2   0   6
108 -74.0020 40.7455   0  12   5
109 -74.0025 40.7194  10   0   1
110 -73.9691 40.7500   9   0   2
111 -73.9980 40.7353   0   3   1
112 -73.9870 40.7156   0   4   0
113 -73.9420 40.8005   9   0   0
114 -74.0123 40.7012   0   5   1
115 -73.9843 40.6922   4   0   2
116 -73.9491 40.8026   0   1   1
117 -73.9509 40.6883   2   0   1
118 -73.9643 40.7763  10   0   2
119 -73.9781 40.7365   4   0   1
120 -73.9434 40.7533   0   3   1
121 -73.9916 40.7492   0   2   3
122 -73.9991 40.6810   0   5   1
123 -73.9641 40.8082   6   0   0
124 -73.9417 40.8070   4   0   2
125 -73.9965 40.6862   3   0   1
126 -73.9488 40.7783   0  10   3
127 -73.9886 40.7683   0   5   0
128 -74.0029 40.7340   4   0   2
129 -74.0050 40.7083   0   4   1
130 -73.9363 40.8057   0   4   0
131 -73.9447 40.6862   2   0   2
132 -73.9660 40.7580   4   0   0
133 -73.9737 40.6918   0   4   8
134 -73.9915 40.7223   0   2   4
135 -73.9797 40.7439   2   0   2
136 -73.9885 40.7490   0  10   2
137 -74.0130 40.7150   0   1   1
138 -73.9548 40.7690   2   0   2
139 -74.0000 40.6917   0  10   3
140 -73.9380 40.7536   6   0   0
141 -73.9752 40.6793   3   0   0
142 -73.9561 40.7093   3   0   0
143 -74.0095 40.6778   3   0   2
144 -74.0089 40.7072   5   0   2
145 -74.0052 40.7514   0   3   2
146 -73.9215 40.7056   0   2   0
147 -73.9697 40.6876   1   0   2
148 -73.9582 40.7650   8   0   3
149 -73.9538 40.6933   0   4   0
150 -73.9645 40.7950   8   0   1
151 -74.0067 40.7191   3   0   0
152 -73.9588 40.6792   1   0   1
