####################################################################################################
#    Instance of "NYC_2_100" is randomly generated from "citybike.csv".
#    NOTE:
#        (1) The first 2 lines is the location of depots.
#        (2) The position code type has two option:
#            0. GEO: longtitude-latitude coordinate
#            1. XY: Cartesian coordinate
#        (3) Each data record has six data fields as follwed:
#            #ID, #LATITUDE, #LONGTITUDE, #DELIVERY_DEMAND, #PICKUP_DEMAND, #OBSOLETE_DEMAND
####################################################################################################

COORD=0
DEPOT_NUM=2
STATION_NUM=100
VEHICLE_NUM=20

0   -73.9882 40.7057   0   0   0
1   -73.9634 40.7675   0   0   0
2   -73.9262 40.7569   6   0   0
3   -73.9489 40.7825   0   3   0
4   -73.9800 40.7230   7   0   2
5   -73.9821 40.7359   7   0   1
6   -73.9441 40.7051   0   3   5
7   -73.9348 40.7668   3   0   0
8   -73.9787 40.7829   0   5   0
9   -73.9826 40.6828   3   0   1
10  -73.9407 40.7511   7   0   1
11  -73.9520 40.7161   0   3   1
12  -74.0639 40.7309   0   1   0
13  -73.9764 40.6651   3   0   2
14  -74.0051 40.7394   0   4   2
15  -73.9807 40.7297   0   9   3
16  -73.9461 40.7480   0   3   1
17  -73.9682 40.8021  11   0   0
18  -73.9531 40.8097   0   1   0
19  -73.9992 40.7448   0  12   1
20  -73.9215 40.7056   0   2   0
21  -73.9626 40.7126   0   3   6
22  -73.9837 40.7222   8   0   0
23  -73.9991 40.7305   0   5   2
24  -74.0170 40.6869   0   1   1
25  -74.0102 40.7129   1   0   0
26  -73.9380 40.7536   6   0   0
27  -73.9609 40.6722   0   2   0
28  -73.9999 40.6828   3   0   2
29  -73.9671 40.6740   0   1   1
30  -74.0089 40.7072   5   0   2
31  -73.9480 40.7215   2   0   1
32  -73.9609 40.7105   6   0   0
33  -74.0067 40.7317   2   0   1
34  -73.9900 40.7564   0  17   5
35  -73.9259 40.7616   6   0   0
36  -73.9437 40.6962   0   3   2
37  -73.9862 40.6850   3   0   0
38  -73.9575 40.6906   2   0   4
39  -73.9323 40.7682   0   1   0
40  -73.9552 40.8100   0   2   0
41  -73.9468 40.7725   3   0   1
42  -74.0429 40.7217   7   0   0
43  -74.0023 40.7149   3   0   1
44  -73.9916 40.7492   0   2   3
45  -73.9832 40.7553   0   7   0
46  -73.9647 40.6805   0   3   0
47  -73.9660 40.6832   8   0   2
48  -74.0025 40.7194  10   0   1
49  -74.0072 40.7086   7   0   1
50  -73.9342 40.7708   1   0   0
51  -73.9569 40.6627   0   3   1
52  -73.9495 40.7934   2   0   0
53  -74.0669 40.7377   0   3   0
54  -74.0625 40.7337   0   1   1
55  -73.9768 40.7394   4   0   2
56  -73.9280 40.7531   6   0   0
57  -73.9809 40.7797  12   0  10
58  -73.9765 40.7599  15   0   0
59  -73.9737 40.7790   4   0   0
60  -73.9760 40.7489  16   0   1
61  -73.9656 40.6865   0   2   2
62  -73.9161 40.7729   0   1   0
63  -73.9379 40.8029   7   0   0
64  -73.9737 40.6918   0   4   8
65  -73.9649 40.8060   0   1   0
66  -73.9528 40.7356   3   0   1
67  -73.9660 40.7580   4   0   0
68  -73.9648 40.6885   6   0   1
69  -73.9460 40.7779   5   0   2
70  -73.9879 40.7623   0   1   3
71  -73.9819 40.7457   0   3   0
72  -74.0666 40.7144   0   3   0
73  -74.0078 40.7467   0   1   1
74  -73.9849 40.7477   5   0   1
75  -74.0028 40.7609   7   0   4
76  -73.9767 40.6869   0   6   2
77  -73.9821 40.6705   0   2   2
78  -74.0075 40.7428  14   0   0
79  -73.9979 40.7566   0   5   0
80  -73.9486 40.7859   8   0   0
81  -73.9399 40.6934   4   0   2
82  -73.9822 40.7431   1   0   1
83  -73.9891 40.6893   4   0   1
84  -73.9819 40.7653   0   1   1
85  -73.9794 40.6882   0   3   6
86  -74.0086 40.7288   3   0   1
87  -74.0147 40.6758   1   0   1
88  -74.0365 40.7128   6   0   1
89  -73.9674 40.7560   0   3   1
90  -73.9333 40.7950   0   2   0
91  -73.9619 40.7953  10   0   1
92  -73.9913 40.7602   0   2   2
93  -74.0097 40.7241   4   0   1
94  -73.9351 40.7045   1   0   0
95  -73.9967 40.7634   2   0   0
96  -73.9561 40.7093   3   0   0
97  -73.9992 40.7494   4   0   1
98  -73.9538 40.6851   4   0   3
99  -73.9997 40.7191   0   1   1
100 -74.0095 40.6778   3   0   2
101 -73.9939 40.7466   6   0   3
