####################################################################################################
#    Instance of "NYC_4_030" is randomly generated from "citybike.csv".
#    NOTE:
#        (1) The first 4 lines is the location of depots.
#        (2) The position code type has two option:
#            0. GEO: longtitude-latitude coordinate
#            1. XY: Cartesian coordinate
#        (3) Each data record has six data fields as follwed:
#            #ID, #LATITUDE, #LONGTITUDE, #DELIVERY_DEMAND, #PICKUP_DEMAND, #OBSOLETE_DEMAND
####################################################################################################

COORD=0
DEPOT_NUM=4
STATION_NUM=30
VEHICLE_NUM=20

0   -74.0555 40.7300   0   0   0
1   -73.9513 40.6985   0   0   0
2   -73.9526 40.7735   0   0   0
3   -73.9999 40.7230   0   0   0
4   -74.0525 40.7376   0   3   2
5   -73.9909 40.7502   0   6   1
6   -73.9208 40.7632   7   0   0
7   -73.9664 40.8008   0   2   0
8   -73.9358 40.6863   3   0   5
9   -73.9939 40.7466   6   0   3
10  -73.9659 40.7678   9   0   0
11  -74.0130 40.7150   0   1   1
12  -73.9504 40.7218   6   0   3
13  -73.9503 40.7905   0   8   1
14  -73.9838 40.6681   0   6   0
15  -73.9422 40.7191   1   0   1
16  -73.9779 40.6851   5   0   3
17  -74.0639 40.7309   0   1   0
18  -73.9791 40.7667  14   0   0
19  -73.9445 40.7151   0   1   0
20  -73.9970 40.7141   8   0   1
21  -73.9940 40.7108   3   0   3
22  -73.9399 40.6934   4   0   2
23  -73.9137 40.7656   4   0   1
24  -73.9410 40.7125   6   0   0
25  -73.9665 40.7644   0   4   1
26  -73.9584 40.7688   6   0   2
27  -73.9529 40.6764   0   5   1
28  -74.0166 40.7153   9   0   1
29  -73.9413 40.6986   1   0   4
30  -74.0500 40.7216   0   3   0
31  -73.9779 40.7208   0   7   7
32  -74.0158 40.7115   3   0   1
33  -73.9544 40.7068  10   0   2
