####################################################################################################
#    Instance of "NYC_3_250" is randomly generated from "citybike.csv".
#    NOTE:
#        (1) The first 3 lines is the location of depots.
#        (2) The position code type has two option:
#            0. GEO: longtitude-latitude coordinate
#            1. XY: Cartesian coordinate
#        (3) Each data record has six data fields as follwed:
#            #ID, #LATITUDE, #LONGTITUDE, #DELIVERY_DEMAND, #PICKUP_DEMAND, #OBSOLETE_DEMAND
####################################################################################################

COORD=0
DEPOT_NUM=3
STATION_NUM=250
VEHICLE_NUM=20

0   -73.9528 40.7770   0   0   0
1   -73.9701 40.6930   0   0   0
2   -74.0109 40.7291   0   0   0
3   -73.9391 40.7627   0   2   0
4   -73.9749 40.6898   3   0   2
5   -73.9918 40.6910   4   0   1
6   -73.9410 40.7125   6   0   0
7   -73.9712 40.7502   5   0   1
8   -73.9586 40.7731   7   0   0
9   -74.0067 40.7317   2   0   1
10  -73.9609 40.7105   6   0   0
11  -73.9482 40.7041   4   0   1
12  -73.9916 40.7492   0   2   3
13  -73.9942 40.7417  12   0   2
14  -73.9819 40.7245   3   0   3
15  -73.9777 40.7519  13   0   1
16  -73.9871 40.7284   0  11   2
17  -73.9985 40.7131   4   0   0
18  -73.9478 40.7962   2   0   0
19  -73.9327 40.7572  10   0   0
20  -73.9379 40.8029   7   0   0
21  -73.9974 40.7547   0   2   0
22  -73.9578 40.7291   0  11   1
23  -73.9497 40.7846   0   1   1
24  -73.9875 40.7517   0   1   3
25  -73.9991 40.6810   0   5   1
26  -73.9689 40.6894   2   0   2
27  -73.9489 40.7425   0   3   0
28  -73.9488 40.7177   0   3   2
29  -73.9693 40.7576   4   0   0
30  -74.0020 40.7455   0  12   5
31  -74.0404 40.7487   0   3   0
32  -74.0094 40.7111   8   0   0
33  -73.9146 40.7787   0   3   0
34  -74.0120 40.6736   1   0   0
35  -74.0711 40.7276   3   0   0
36  -73.9682 40.8021  11   0   0
37  -73.9392 40.8076   0   2   0
38  -73.9396 40.7893   0   2   0
39  -73.9565 40.8134   0   4   1
40  -74.0557 40.7112   2   0   0
41  -73.9237 40.7746   6   0   1
42  -73.9991 40.7305   0   5   2
43  -74.0510 40.7194   1   0   0
44  -73.9892 40.7636   7   0   0
45  -73.9491 40.8026   0   1   1
46  -73.9530 40.7271   6   0   4
47  -73.9788 40.7476   0   1   0
48  -73.9383 40.7923   4   0   1
49  -73.9413 40.6986   1   0   4
50  -73.9547 40.8052   7   0   1
51  -73.9515 40.8044   0   1   3
52  -73.9509 40.6883   2   0   1
53  -73.9840 40.6638   2   0   1
54  -73.9748 40.6712   4   0   0
55  -74.0639 40.7309   0   1   0
56  -73.9583 40.7327   3   0   1
57  -73.9631 40.6716  11   0   2
58  -73.9875 40.7383  13   0   0
59  -73.9778 40.7734   3   0   1
60  -73.9948 40.7232   0   4   0
61  -73.9569 40.6627   0   3   1
62  -73.9574 40.7147   3   0   0
63  -73.9559 40.7444   8   0   2
64  -73.9622 40.7671   0   1   0
65  -74.0136 40.7046   1   0   4
66  -73.9886 40.7462   9   0   1
67  -73.9513 40.6907   5   0   1
68  -74.0355 40.7243   0   1   1
69  -73.9596 40.6765   0   2   0
70  -73.9981 40.7292   0   4   1
71  -73.9736 40.6958   0   5   5
72  -73.9826 40.7716   9   0   0
73  -73.9648 40.7913   7   0   1
74  -74.0014 40.7410   6   0   1
75  -73.9910 40.7302  17   0   3
76  -74.0000 40.7435  11   0   7
77  -73.9985 40.7323   2   0   3
78  -74.0123 40.7012   0   5   1
79  -73.9495 40.6954   6   0   1
80  -73.9630 40.6849   6   0   0
81  -73.9719 40.7546  18   0   0
82  -74.0789 40.7111   0   1   0
83  -73.9856 40.7278   0   5   1
84  -73.9801 40.7550   0   1   0
85  -73.9938 40.6864   3   0   0
86  -73.9587 40.7356   0   6   2
87  -73.9475 40.7248   0   3   1
88  -74.0101 40.6753   3   0   0
89  -73.9703 40.7532   6   0   1
90  -74.0170 40.6869   0   1   1
91  -73.9523 40.7141   0   6   0
92  -73.9350 40.7975   3   0   0
93  -73.9459 40.8040   0   2   1
94  -73.9814 40.7274   4   0   3
95  -73.9934 40.6976   0   9   1
96  -73.9939 40.7516   0   4   2
97  -73.9775 40.7786   0   4   0
98  -74.0171 40.7083   0   4   1
99  -74.0166 40.7153   9   0   1
100 -73.9900 40.7202   0   6   5
101 -73.9737 40.7790   4   0   0
102 -73.9386 40.7154   6   0   0
103 -73.9568 40.7757   6   0   0
104 -73.9790 40.7771   0   4   0
105 -73.9743 40.6854   0   2   1
106 -73.9993 40.7394   0   2   7
107 -73.9441 40.7051   0   3   5
108 -73.9728 40.7850   0   2   0
109 -73.9416 40.7870   0   9   0
110 -73.9584 40.7688   6   0   2
111 -73.9794 40.6882   0   3   6
112 -74.0496 40.7165   1   0   1
113 -73.9491 40.7134   2   0   2
114 -73.9489 40.7825   0   3   0
115 -74.0139 40.7019   6   0   0
116 -73.9554 40.6692   3   0   2
117 -73.9498 40.7471   2   0   2
118 -73.9785 40.6765   0   8   0
119 -73.9870 40.6686   0   4   0
120 -74.0016 40.6876   0   2   0
121 -74.0028 40.7609   7   0   4
122 -73.9692 40.6842   5   0   3
123 -73.9881 40.7485  10   0   1
124 -73.9363 40.7946   0   6   1
125 -73.9745 40.7432   0   5   2
126 -73.9397 40.8046   0   2   1
127 -73.9607 40.8068   7   0   0
128 -73.9500 40.6810   0   1   7
129 -73.9710 40.7053   1   0   0
130 -74.0112 40.7149   4   0   0
131 -73.9432 40.7933   6   0   1
132 -73.9153 40.7762   4   0   0
133 -74.0068 40.7433   0   1   0
134 -73.9869 40.7658   6   0   2
135 -73.9335 40.7519   0   1   1
136 -73.9938 40.7274   0   1   0
137 -74.0147 40.6758   1   0   1
138 -73.9574 40.8103   0   1   1
139 -73.9648 40.6885   6   0   1
140 -73.9737 40.6978   0   1   1
141 -73.9539 40.7303   2   0   3
142 -73.9445 40.7752   3   0   0
143 -73.9618 40.6687   3   0   1
144 -73.9259 40.7616   6   0   0
145 -73.9420 40.8005   9   0   0
146 -73.9246 40.7714   0   3   0
147 -73.9763 40.7178   0   3   0
148 -74.0088 40.6727   0   3   1
149 -73.9431 40.8108   4   0   0
150 -74.0666 40.7144   0   3   0
151 -73.9451 40.7574   6   0   0
152 -73.9380 40.7510   0   3   1
153 -73.9934 40.6954   0   5   0
154 -73.9820 40.6662   5   0   0
155 -74.0075 40.7428  14   0   0
156 -73.9970 40.7141   8   0   1
157 -73.9585 40.7175   0   1   3
158 -73.9437 40.7892   8   0   0
159 -73.9472 40.7840   0  10   0
160 -73.9879 40.7623   0   1   3
161 -74.0017 40.7079   0   5   0
162 -73.9121 40.7701   3   0   0
163 -73.9843 40.6922   4   0   2
164 -74.0090 40.7187   3   0   2
165 -74.0500 40.7216   0   3   0
166 -73.9348 40.7668   3   0   0
167 -73.9590 40.8143   8   0   3
168 -74.0047 40.7243   5   0   5
169 -73.9237 40.7072   0   1   0
170 -73.9577 40.7786   8   0   0
171 -74.0003 40.7352   6   0   2
172 -73.9417 40.8070   4   0   2
173 -73.9494 40.8078   0   3   0
174 -73.9999 40.7378   0   1   1
175 -73.9654 40.6920   0   5   1
176 -73.9137 40.7656   4   0   1
177 -74.0051 40.7394   0   4   2
178 -73.9641 40.7712  17   0   0
179 -73.9684 40.7076   0   4   3
180 -73.9665 40.7990   8   0   1
181 -73.9878 40.7127   0   4   2
182 -73.9592 40.7591   0   2   0
183 -74.0086 40.6812   1   0   1
184 -73.9391 40.7576   0   1   0
185 -73.9577 40.6708  11   0   1
186 -73.9413 40.7485   2   0   1
187 -73.9750 40.7551   0   9   0
188 -73.9521 40.7881   0   2   0
189 -73.9896 40.7403  10   0   2
190 -73.9545 40.7473   2   0   0
191 -73.9389 40.7132   3   0   0
192 -74.0062 40.7365   0   7   1
193 -73.9992 40.7494   4   0   1
194 -74.0077 40.7219   0   3   1
195 -74.0669 40.7377   0   3   0
196 -73.9183 40.7814   4   0   4
197 -74.0030 40.7497   0   1   4
198 -73.9953 40.7449   0   2   1
199 -73.9363 40.8057   0   4   0
200 -73.9473 40.7452   0   1   1
201 -74.0049 40.6725   3   0   0
202 -73.9908 40.6820   1   0   2
203 -73.9836 40.6947   0   6   7
204 -74.0112 40.6790   0   2   0
205 -73.9757 40.7331   0   9   0
206 -74.0104 40.7091   5   0   2
207 -73.9653 40.7104   4   0   1
208 -73.9433 40.7472   8   0   0
209 -73.9760 40.7489  16   0   1
210 -74.0488 40.7257   0   4   0
211 -73.9997 40.7160   8   0   1
212 -73.9915 40.7005   7   0   3
213 -73.9880 40.7705   0  16   1
214 -73.9497 40.7811   2   0   0
215 -74.0440 40.7443   0   2   0
216 -73.9880 40.7354   8   0   0
217 -73.9358 40.7072   5   0   0
218 -73.9771 40.7868   3   0   1
219 -73.9380 40.6826   0   4   2
220 -73.9889 40.7322   2   0   0
221 -73.9609 40.6722   0   2   0
222 -73.9556 40.7995   3   0   2
223 -74.0025 40.7194  10   0   1
224 -73.9933 40.6725   0   4   0
225 -73.9829 40.7775   4   0   0
226 -73.9979 40.6831   0   4   1
227 -73.9486 40.7859   8   0   0
228 -73.9371 40.6924   4   0   3
229 -74.0084 40.7038   3   0   0
230 -73.9892 40.7752   0  12   2
231 -74.0385 40.7124   0   3   1
232 -73.9471 40.6996   5   0   1
233 -74.0035 40.6830   3   0   0
234 -73.9399 40.6934   4   0   2
235 -73.9143 40.7596   5   0   1
236 -73.9813 40.6920   0   3   4
237 -73.9552 40.7182   0   1   2
238 -73.9987 40.6764   1   0   2
239 -73.9471 40.7104   0   5   0
240 -74.0595 40.7350   0   3   1
241 -74.0052 40.7514   0   3   2
242 -73.9914 40.7440   0   6   1
243 -74.0504 40.7260   0   5   0
244 -74.0335 40.7162   9   0   0
245 -73.9659 40.7678   9   0   0
246 -73.9790 40.6831   7   0   7
247 -74.0000 40.6917   0  10   3
248 -74.0428 40.7146   0   4   0
249 -73.9710 40.6810   0   3   1
250 -74.0091 40.7163   0   1   0
251 -73.9690 40.6767   0   5   2
252 -73.9561 40.7093   3   0   0
