####################################################################################################
#    Instance of "NYC_6_400" is randomly generated from "citybike.csv".
#    NOTE:
#        (1) The first 6 lines is the location of depots.
#        (2) The position code type has two option:
#            0. GEO: longtitude-latitude coordinate
#            1. XY: Cartesian coordinate
#        (3) Each data record has six data fields as follwed:
#            #ID, #LATITUDE, #LONGTITUDE, #DELIVERY_DEMAND, #PICKUP_DEMAND, #OBSOLETE_DEMAND
####################################################################################################

COORD=0
DEPOT_NUM=6
STATION_NUM=400
VEHICLE_NUM=20

0   -73.9530 40.6980   0   0   0
1   -73.9558 40.7906   0   0   0
2   -73.9930 40.6867   0   0   0
3   -73.9885 40.7390   0   0   0
4   -73.9332 40.7600   0   0   0
5   -74.0529 40.7234   0   0   0
6   -73.9703 40.7597  11   0   3
7   -73.9590 40.8143   8   0   3
8   -73.9697 40.6876   1   0   2
9   -73.9909 40.7502   0   6   1
10  -73.9813 40.6920   0   3   4
11  -73.9296 40.7565  11   0   0
12  -74.0170 40.6869   0   1   1
13  -73.9777 40.7519  13   0   1
14  -73.9821 40.6705   0   2   2
15  -73.9919 40.7117   0   6   6
16  -73.9765 40.7599  15   0   0
17  -74.0021 40.7304   0   4   4
18  -73.9863 40.6924   0   1   1
19  -73.9519 40.8114   0   2   3
20  -73.9872 40.6846   0   4   1
21  -73.9455 40.7863   0   3   0
22  -73.9557 40.7241   0   1   0
23  -73.9737 40.7644  17   0   2
24  -73.9551 40.7776   0   1   0
25  -73.9665 40.7644   0   4   1
26  -74.0595 40.7350   0   3   1
27  -73.9432 40.7933   6   0   1
28  -73.9888 40.6705   0   3   1
29  -73.9309 40.7740   0   2   0
30  -73.9464 40.7058   1   0   1
31  -74.0669 40.7377   0   3   0
32  -73.9482 40.7164   2   0   2
33  -73.9629 40.7941   0   2   1
34  -73.9833 40.7415   0   2   0
35  -73.9787 40.6741   0   5   1
36  -73.9539 40.7303   2   0   3
37  -73.9477 40.6804   0   2   2
38  -73.9715 40.7664   0   1   2
39  -73.9868 40.7452   3   0   0
40  -73.9540 40.6822   5   0   0
41  -74.0123 40.7012   0   5   1
42  -73.9803 40.7541  20   0   1
43  -73.9997 40.7191   0   1   1
44  -73.9965 40.6862   3   0   1
45  -73.9515 40.8044   0   1   3
46  -73.9471 40.6996   5   0   1
47  -73.9473 40.7877   0   1   1
48  -74.0084 40.7038   3   0   0
49  -73.9107 40.7641   5   0   0
50  -73.9488 40.7177   0   3   2
51  -73.9521 40.7497   5   0   1
52  -73.9876 40.6864   2   0   0
53  -73.9504 40.7218   6   0   3
54  -73.9411 40.6852   5   0   0
55  -73.9820 40.6662   5   0   0
56  -73.9478 40.7962   2   0   0
57  -74.0136 40.7046   1   0   4
58  -74.0463 40.7215   0   1   0
59  -73.9570 40.7129   0   4   1
60  -74.0101 40.6753   3   0   0
61  -74.0001 40.6784   5   0   1
62  -73.9847 40.7362   0   3   1
63  -73.9559 40.8039   0   8   1
64  -73.9718 40.6931   0   5   0
65  -73.9488 40.7783   0  10   3
66  -73.9398 40.8013  10   0   0
67  -73.9554 40.6692   3   0   2
68  -74.0128 40.6773   0   2   3
69  -73.9830 40.6854   1   0   1
70  -73.9799 40.7522   0   1   2
71  -73.9607 40.7781   6   0   2
72  -73.9402 40.7077  11   0   2
73  -73.9183 40.7814   4   0   4
74  -73.9919 40.7211   3   0  10
75  -73.9407 40.7511   7   0   1
76  -73.9392 40.8076   0   2   0
77  -73.9416 40.7870   0   9   0
78  -73.9571 40.8017   0   4   1
79  -73.9416 40.7955   3   0   0
80  -73.9478 40.8095   0   4   7
81  -73.9795 40.7275   0  13   4
82  -73.9692 40.6842   5   0   3
83  -73.9886 40.7683   0   5   0
84  -73.9754 40.7414   7   0   5
85  -73.9981 40.7292   0   4   1
86  -73.9641 40.7085   6   0   4
87  -73.9942 40.7158   6   0   1
88  -73.9835 40.6728   0   9   0
89  -73.9588 40.6679   0   2   2
90  -73.9567 40.6666   0   4   1
91  -73.9905 40.6938   9   0   0
92  -73.9659 40.7678   9   0   0
93  -73.9503 40.7905   0   8   1
94  -73.9886 40.7593   0  13   5
95  -73.9809 40.7797  12   0  10
96  -74.0666 40.7144   0   3   0
97  -73.9574 40.8103   0   1   1
98  -73.9885 40.7490   0  10   2
99  -73.9799 40.6687   1   0   0
100 -73.9838 40.6681   0   6   0
101 -73.9807 40.6984   4   0   3
102 -73.9565 40.6742   0   2   0
103 -74.0055 40.7176   5   0   0
104 -73.9995 40.7236   0   4   3
105 -73.9430 40.8030   0   1   1
106 -73.9880 40.7705   0  16   1
107 -73.9653 40.7104   4   0   1
108 -73.9948 40.6806  11   0   0
109 -73.9840 40.6638   2   0   1
110 -74.0410 40.7165   0   1   0
111 -74.0047 40.7243   5   0   5
112 -73.9121 40.7701   3   0   0
113 -73.9838 40.7262   1   0   2
114 -73.9750 40.7551   0   9   0
115 -73.9973 40.7424   3   0   0
116 -73.9568 40.7757   6   0   0
117 -73.9461 40.7480   0   3   1
118 -73.9494 40.8078   0   3   0
119 -74.0158 40.7115   3   0   1
120 -73.9805 40.7338   0  15   5
121 -74.0676 40.7253   5   0   0
122 -73.9818 40.7193   0   2   5
123 -73.9902 40.6953   0   4   0
124 -73.9938 40.7274   0   1   0
125 -74.0014 40.7410   6   0   1
126 -74.0081 40.7393   0   7   2
127 -73.9556 40.7995   3   0   2
128 -74.0022 40.7502   0   8   4
129 -73.9327 40.7572  10   0   0
130 -73.9914 40.7440   0   6   1
131 -73.9719 40.7546  18   0   0
132 -74.0061 40.7053   0   2   2
133 -74.0385 40.7124   0   3   1
134 -73.9985 40.7131   4   0   0
135 -73.9363 40.8057   0   4   0
136 -73.9905 40.7715   1   0   0
137 -73.9380 40.7536   6   0   0
138 -73.9752 40.6751   8   0   0
139 -74.0113 40.7277   0   1   6
140 -73.9858 40.7231   3   0   7
141 -73.9764 40.6651   3   0   2
142 -73.9479 40.7519   6   0   0
143 -73.9238 40.7020   0   1   0
144 -73.9648 40.7913   7   0   1
145 -73.9609 40.7105   6   0   0
146 -73.9551 40.7323   7   0   4
147 -73.9243 40.7581   0   2   2
148 -74.0504 40.7348   5   0   0
149 -73.9355 40.7692   0   3   0
150 -73.9689 40.6894   2   0   2
151 -73.9848 40.6977   3   0   0
152 -73.9684 40.7076   0   4   3
153 -73.9736 40.6681  10   0   3
154 -73.9126 40.7748   4   0   2
155 -73.9856 40.7806   3   0   4
156 -73.9880 40.7354   8   0   0
157 -73.9737 40.6918   0   4   8
158 -73.9473 40.7452   0   1   1
159 -73.9522 40.7806   4   0   1
160 -74.0117 40.7037   4   0   1
161 -73.9349 40.6815   0   2   2
162 -73.9773 40.7802   0   2   1
163 -73.9459 40.7817   3   0   0
164 -74.0507 40.7242   0   3   0
165 -73.9397 40.8046   0   2   1
166 -73.9374 40.7672   4   0   0
167 -73.9737 40.7790   4   0   0
168 -73.9596 40.7434   0   1   0
169 -73.9771 40.7868   3   0   1
170 -73.9908 40.6820   1   0   2
171 -73.9606 40.7699   4   0   0
172 -73.9788 40.7476   0   1   0
173 -74.0500 40.7216   0   3   0
174 -73.9744 40.7000   4   0   0
175 -73.9920 40.6902   5   0   3
176 -74.0079 40.6794   2   0   0
177 -74.0428 40.7146   0   4   0
178 -74.0166 40.7153   9   0   1
179 -73.9680 40.6794   0   4   0
180 -73.9356 40.7430   3   0   2
181 -73.9482 40.7041   4   0   1
182 -73.9472 40.7840   0  10   0
183 -73.9486 40.7859   8   0   0
184 -73.9538 40.6933   0   4   0
185 -73.9622 40.7738   0   1   1
186 -73.9767 40.6869   0   6   2
187 -74.0456 40.7253   1   0   0
188 -74.0051 40.7394   0   4   2
189 -74.0496 40.7165   1   0   1
190 -73.9585 40.7175   0   1   3
191 -73.9574 40.7147   3   0   0
192 -73.9809 40.7209   0  11   3
193 -73.9894 40.7026   0   4   1
194 -73.9843 40.6922   4   0   2
195 -73.9495 40.6954   6   0   1
196 -74.0029 40.7340   4   0   2
197 -74.0518 40.7427   0   3   1
198 -73.9246 40.7714   0   3   0
199 -73.9349 40.8007   4   0   1
200 -73.9170 40.7671   0   1   1
201 -73.9237 40.7072   0   1   0
202 -74.0024 40.6859   0   6   0
203 -73.9358 40.7072   5   0   0
204 -73.9790 40.6831   7   0   7
205 -73.9974 40.7547   0   2   0
206 -73.9904 40.6686   0   3   1
207 -73.9699 40.6979   3   0   1
208 -73.9460 40.7779   5   0   2
209 -73.9742 40.7258   0   5   1
210 -73.9606 40.6664   2   0   2
211 -74.0488 40.7257   0   4   0
212 -73.9970 40.7141   8   0   1
213 -74.0025 40.7194  10   0   1
214 -73.9915 40.7005   7   0   3
215 -73.9208 40.7632   7   0   0
216 -73.9559 40.7444   8   0   2
217 -74.0050 40.7083   0   4   1
218 -74.0087 40.6571   4   0   3
219 -73.9870 40.6686   0   4   0
220 -73.9312 40.7975   0   3   1
221 -73.9459 40.7505   0   4   1
222 -74.0168 40.7057   2   0   6
223 -73.9437 40.7017   0   3   5
224 -73.9929 40.7141   1   0   7
225 -73.9558 40.7728   3   0   1
226 -73.9418 40.7438   5   0   0
227 -73.9852 40.7637   0   1   2
228 -73.9335 40.7519   0   1   1
229 -73.9843 40.7295   0  14   0
230 -73.9719 40.7938   0   1   0
231 -73.9413 40.7485   2   0   1
232 -73.9727 40.6875   3   0   4
233 -74.0065 40.6770   3   0   0
234 -73.9741 40.7942   4   0   0
235 -73.9889 40.7322   2   0   0
236 -73.9396 40.7893   0   2   0
237 -73.9772 40.7903   0   1   0
238 -73.9250 40.7687   3   0   1
239 -73.9863 40.7207   0  10   1
240 -74.0715 40.7221   2   0   0
241 -73.9900 40.7202   0   6   5
242 -73.9460 40.7920   3   0   8
243 -73.9431 40.8108   4   0   0
244 -73.9373 40.7969   3   0   1
245 -73.9371 40.6924   4   0   3
246 -73.9797 40.7439   2   0   2
247 -73.9410 40.7125   6   0   0
248 -74.0067 40.7191   3   0   0
249 -73.9524 40.6953   0   2   5
250 -73.9658 40.6770   2   0   0
251 -73.9363 40.7602   0   1   0
252 -73.9498 40.7054   4   0   2
253 -73.9641 40.8082   6   0   0
254 -73.9797 40.6868   0   2   3
255 -73.9763 40.7659  15   0   1
256 -73.9575 40.6906   2   0   4
257 -73.9877 40.7510   3   0   0
258 -73.9618 40.6687   3   0   1
259 -74.0028 40.7609   7   0   4
260 -74.0067 40.7317   2   0   1
261 -73.9927 40.7189   3   0   2
262 -73.9960 40.6787   6   0   1
263 -73.9411 40.7614   0   4   0
264 -73.9815 40.6793   2   0   0
265 -73.9434 40.7533   0   3   1
266 -74.0625 40.7337   0   1   1
267 -73.9376 40.6968   0   3   1
268 -73.9514 40.7117   3   0   1
269 -73.9762 40.7758   0   8   5
270 -73.9890 40.6663   0   1   0
271 -73.9323 40.7682   0   1   0
272 -73.9634 40.8109   0   1   0
273 -73.9819 40.7653   0   1   1
274 -74.0510 40.7194   1   0   0
275 -73.9606 40.7982   0   2   1
276 -73.9914 40.7547   0  12   5
277 -73.9967 40.7634   2   0   0
278 -73.9892 40.7429   0   1   1
279 -73.9778 40.7734   3   0   1
280 -73.9939 40.7466   6   0   3
281 -73.9939 40.7673   0   6   2
282 -73.9480 40.7215   2   0   1
283 -73.9826 40.6828   3   0   1
284 -73.9521 40.7231   0   6   1
285 -74.0139 40.7019   6   0   0
286 -73.9547 40.8052   7   0   1
287 -73.9365 40.7639   1   0   0
288 -73.9904 40.6786   0   9   0
289 -73.9351 40.7138   0   2   0
290 -74.0789 40.7111   0   1   0
291 -74.0077 40.7219   0   3   1
292 -74.0438 40.7177   5   0   3
293 -73.9441 40.7954  10   0   1
294 -74.0000 40.7435  11   0   7
295 -73.9363 40.7946   0   6   1
296 -73.9553 40.7835   0   1   0
297 -74.0089 40.7072   5   0   2
298 -73.9441 40.6824   0   4   0
299 -73.9590 40.7768  13   0   1
300 -74.0091 40.7163   0   1   0
301 -73.9521 40.7881   0   2   0
302 -73.9613 40.8121   0   1   0
303 -74.0000 40.6917   0  10   3
304 -73.9588 40.6846   0   4   2
305 -74.0836 40.7182   0   1   0
306 -74.0086 40.6812   1   0   1
307 -73.9826 40.7022   3   0   0
308 -73.9225 40.7775   0   4   0
309 -73.9924 40.7373  15   0   0
310 -73.9985 40.7323   2   0   3
311 -73.9161 40.7729   0   1   0
312 -73.9875 40.7383  13   0   0
313 -73.9696 40.7847   3   0   0
314 -73.9704 40.7882   0   1   0
315 -74.0072 40.7086   7   0   1
316 -73.9856 40.7278   0   5   1
317 -73.9209 40.7675  10   0   0
318 -73.9548 40.7208   3   0   0
319 -73.9532 40.8025   4   0   3
320 -73.9999 40.7378   0   1   1
321 -73.9933 40.6725   0   4   0
322 -73.9671 40.6740   0   1   1
323 -73.9280 40.7531   6   0   0
324 -73.9619 40.7953  10   0   1
325 -74.0442 40.7276   0   2   1
326 -74.0525 40.7376   0   3   2
327 -73.9623 40.7589   7   0   0
328 -73.9968 40.7112   0   5   4
329 -73.9871 40.7284   0  11   2
330 -73.9689 40.6933   0  12   1
331 -73.9583 40.7327   3   0   1
332 -73.9942 40.7417  12   0   2
333 -73.9286 40.7634   2   0   0
334 -73.9678 40.7521   0   4   2
335 -73.9819 40.7457   0   3   0
336 -73.9630 40.6849   6   0   0
337 -73.9826 40.7162   2   0   5
338 -73.9538 40.6851   4   0   3
339 -73.9343 40.7549   0   1   0
340 -73.9602 40.6890   1   0   5
341 -73.9875 40.7517   0   1   3
342 -73.9265 40.7658   0   1   1
343 -73.9832 40.7553   0   7   0
344 -73.9631 40.6716  11   0   2
345 -73.9659 40.7129   0   3   1
346 -73.9767 40.7852  11   0   0
347 -73.9452 40.6913   0   3   1
348 -73.9919 40.7161   8   0   2
349 -73.9938 40.7590   1   0   1
350 -73.9728 40.7850   0   2   0
351 -73.9681 40.7920   0   2   2
352 -74.0112 40.6790   0   2   0
353 -73.9710 40.6810   0   3   1
354 -73.9659 40.7546   0   4   0
355 -73.9960 40.7243   8   0   0
356 -73.9774 40.7382   0   3   2
357 -73.9535 40.7714   6   0   1
358 -73.9423 40.7979   0   5   0
359 -73.9728 40.7526   8   0   0
360 -73.9580 40.6945   0   3   1
361 -73.9712 40.7442   6   0   2
362 -73.9622 40.7671   0   1   0
363 -73.9513 40.6907   5   0   1
364 -73.9562 40.6758   4   0   0
365 -73.9734 40.7478   0   4   2
366 -73.9351 40.7045   1   0   0
367 -73.9475 40.7248   0   3   1
368 -73.9389 40.7991   0   1   0
369 -73.9276 40.7767   0   2   1
370 -73.9491 40.8026   0   1   1
371 -73.9354 40.7447   3   0   0
372 -73.9770 40.6933   0   2   3
373 -73.9609 40.7612   5   0   2
374 -73.9999 40.6828   3   0   2
375 -73.9602 40.7153   4   0   1
376 -73.9507 40.7757   2   0   0
377 -73.9747 40.7884   4   0   0
378 -73.9757 40.7237   0   4   2
379 -73.9807 40.7297   0   9   3
380 -73.9348 40.7668   3   0   0
381 -73.9752 40.6793   3   0   0
382 -73.9771 40.7429   3   0   5
383 -73.9337 40.7107   0   2   2
384 -73.9777 40.7252   1   0   3
385 -74.0049 40.6725   3   0   0
386 -73.9339 40.7062   2   0   0
387 -73.9448 40.7989   7   0   0
388 -73.9660 40.6832   8   0   2
389 -74.0032 40.6764   0   2   0
390 -73.9137 40.7656   4   0   1
391 -73.9944 40.6850   1   0   0
392 -73.9785 40.6796   3   0   1
393 -74.0342 40.7193   4   0   0
394 -73.9897 40.6999   6   0   1
395 -74.0021 40.7559  13   0   2
396 -74.0389 40.7184   3   0   1
397 -73.9918 40.6910   4   0   1
398 -74.0090 40.7187   3   0   2
399 -74.0065 40.7096   6   0   0
400 -74.0377 40.7152   0   5   0
401 -73.9489 40.7825   0   3   0
402 -73.9915 40.7223   0   2   4
403 -73.9449 40.7170   1   0   0
404 -73.9389 40.7132   3   0   0
405 -73.9373 40.7413   6   0   0
