####################################################################################################
#    Instance of "NYC_4_400" is randomly generated from "citybike.csv".
#    NOTE:
#        (1) The first 4 lines is the location of depots.
#        (2) The position code type has two option:
#            0. GEO: longtitude-latitude coordinate
#            1. XY: Cartesian coordinate
#        (3) Each data record has six data fields as follwed:
#            #ID, #LATITUDE, #LONGTITUDE, #DELIVERY_DEMAND, #PICKUP_DEMAND, #OBSOLETE_DEMAND
####################################################################################################

COORD=0
DEPOT_NUM=4
STATION_NUM=400
VEHICLE_NUM=20

0   -73.9632 40.6932   0   0   0
1   -73.9861 40.7427   0   0   0
2   -74.0212 40.7098   0   0   0
3   -73.9476 40.7785   0   0   0
4   -74.0046 40.7127   6   0   2
5   -73.9482 40.7041   4   0   1
6   -73.9777 40.7252   1   0   3
7   -73.9276 40.7767   0   2   1
8   -73.9860 40.7410   9   0   0
9   -73.9999 40.7378   0   1   1
10  -73.9995 40.7236   0   4   3
11  -74.0157 40.6772   0   3   1
12  -73.9586 40.7731   7   0   0
13  -73.9940 40.7108   3   0   3
14  -73.9421 40.6895   4   0   1
15  -73.9653 40.7631   0   2   0
16  -73.9259 40.7616   6   0   0
17  -73.9728 40.7526   8   0   0
18  -73.9924 40.7373  15   0   0
19  -73.9805 40.7338   0  15   5
20  -73.9280 40.7531   6   0   0
21  -74.0130 40.7150   0   1   1
22  -73.9606 40.6664   2   0   2
23  -73.9654 40.6920   0   5   1
24  -73.9892 40.7636   7   0   0
25  -74.0166 40.7153   9   0   1
26  -73.9596 40.7434   0   1   0
27  -73.9952 40.6882   0   7   1
28  -74.0048 40.7354   0   7   1
29  -74.0021 40.7304   0   4   4
30  -73.9938 40.7028   0   3   0
31  -73.9592 40.7225   0   4   4
32  -74.0003 40.7322   0   1   1
33  -73.9286 40.7634   2   0   0
34  -73.9763 40.7659  15   0   1
35  -73.9631 40.6716  11   0   2
36  -74.0149 40.6923   4   0   1
37  -73.9653 40.7104   4   0   1
38  -73.9915 40.7005   7   0   3
39  -73.9389 40.7132   3   0   0
40  -74.0073 40.7071   0   4   2
41  -73.9143 40.7596   5   0   1
42  -73.9691 40.7500   9   0   2
43  -74.0404 40.7487   0   3   0
44  -74.0081 40.7393   0   7   2
45  -73.9869 40.7658   6   0   2
46  -73.9658 40.6770   2   0   0
47  -73.9960 40.7188   9   0   2
48  -73.9588 40.6846   0   4   2
49  -73.9886 40.7683   0   5   0
50  -73.9689 40.6933   0  12   1
51  -74.0117 40.7037   4   0   1
52  -73.9583 40.7327   3   0   1
53  -73.9418 40.7438   5   0   0
54  -73.9907 40.7250   1   0   0
55  -73.9441 40.7954  10   0   1
56  -74.0019 40.6743   0   4   0
57  -73.9890 40.6663   0   1   0
58  -73.9760 40.7489  16   0   1
59  -73.9660 40.7580   4   0   0
60  -73.9974 40.7547   0   2   0
61  -73.9237 40.7746   6   0   1
62  -73.9399 40.7632   0   1   0
63  -73.9902 40.6953   0   4   0
64  -73.9919 40.7161   8   0   2
65  -73.9185 40.7746   0   4   0
66  -73.9703 40.7532   6   0   1
67  -74.0101 40.6753   3   0   0
68  -74.0021 40.7559  13   0   2
69  -73.9953 40.7449   0   2   1
70  -73.9513 40.6907   5   0   1
71  -73.9835 40.6728   0   9   0
72  -74.0047 40.7243   5   0   5
73  -73.9170 40.7671   0   1   1
74  -73.9863 40.7207   0  10   1
75  -73.9670 40.7692  13   0   1
76  -73.9524 40.6953   0   2   5
77  -73.9810 40.6899   7   0   5
78  -73.9784 40.6704   5   0   0
79  -73.9262 40.6978   0   2   1
80  -73.9809 40.7209   0  11   3
81  -73.9488 40.7177   0   3   2
82  -73.9849 40.7477   5   0   1
83  -73.9896 40.7403  10   0   2
84  -74.0030 40.7497   0   1   4
85  -73.9785 40.6765   0   8   0
86  -73.9648 40.6885   6   0   1
87  -74.0075 40.7428  14   0   0
88  -73.9933 40.6725   0   4   0
89  -73.9697 40.6876   1   0   2
90  -74.0321 40.7287   0   5   0
91  -73.9585 40.7175   0   1   3
92  -73.9727 40.6875   3   0   4
93  -73.9845 40.7607  10   0   3
94  -73.9455 40.7863   0   3   0
95  -73.9785 40.6796   3   0   1
96  -73.9568 40.7757   6   0   0
97  -73.9817 40.7322   7   0   0
98  -74.0139 40.7019   6   0   0
99  -73.9938 40.6864   3   0   0
100 -73.9900 40.7564   0  17   5
101 -74.0715 40.7221   2   0   0
102 -73.9443 40.7256   0   6   0
103 -73.9548 40.7208   3   0   0
104 -73.9351 40.7045   1   0   0
105 -73.9870 40.6686   0   4   0
106 -73.9593 40.6868   0   4   1
107 -74.0045 40.7469   9   0   1
108 -73.9906 40.6867   2   0   1
109 -73.9515 40.8044   0   1   3
110 -74.0055 40.7115   7   0   0
111 -74.0090 40.7187   3   0   2
112 -73.9939 40.7466   6   0   3
113 -73.9577 40.7786   8   0   0
114 -73.9779 40.7208   0   7   7
115 -73.9992 40.7448   0  12   1
116 -73.9489 40.7192   0   1   2
117 -73.9565 40.6742   0   2   0
118 -73.9802 40.7174   0   7   3
119 -73.9450 40.7193   0   5   2
120 -73.9949 40.7314   4   0   3
121 -73.9464 40.7058   1   0   1
122 -73.9556 40.6776   0   4   1
123 -73.9618 40.6687   3   0   1
124 -74.0030 40.7271   0   2   2
125 -73.9970 40.7141   8   0   1
126 -73.9784 40.7631  10   0   0
127 -73.9916 40.7492   0   2   3
128 -73.9693 40.7576   4   0   0
129 -73.9787 40.6741   0   5   1
130 -73.9714 40.7828   2   0   0
131 -73.9830 40.6854   1   0   1
132 -73.9933 40.6685   0   6   0
133 -73.9554 40.6692   3   0   2
134 -73.9569 40.6627   0   3   1
135 -73.9754 40.7414   7   0   5
136 -73.9807 40.7297   0   9   3
137 -73.9471 40.7104   0   5   0
138 -74.0037 40.7435   2   0   7
139 -73.9900 40.7202   0   6   5
140 -73.9621 40.7998   0   1   0
141 -73.9843 40.6802   5   0   1
142 -74.0147 40.6758   1   0   1
143 -74.0720 40.7257   0   1   0
144 -73.9929 40.7141   1   0   7
145 -73.9951 40.7333   2   0   2
146 -73.9365 40.7639   1   0   0
147 -73.9460 40.7779   5   0   2
148 -73.9692 40.6842   5   0   3
149 -73.9856 40.7806   3   0   4
150 -73.9711 40.8013   0   2   1
151 -73.9437 40.7892   8   0   0
152 -73.9552 40.7182   0   1   2
153 -73.9510 40.7088   6   0   1
154 -73.9575 40.7450   6   0   1
155 -73.9373 40.7413   6   0   0
156 -73.9600 40.7318   0   4   0
157 -74.0102 40.7129   1   0   0
158 -73.9479 40.7519   6   0   0
159 -73.9863 40.6924   0   1   1
160 -73.9358 40.7072   5   0   0
161 -73.9908 40.6820   1   0   2
162 -73.9979 40.7566   0   5   0
163 -73.9719 40.7938   0   1   0
164 -73.9843 40.7295   0  14   0
165 -73.9891 40.6893   4   0   1
166 -73.9771 40.7868   3   0   1
167 -73.9866 40.7551   0   2   0
168 -73.9910 40.7302  17   0   3
169 -73.9877 40.6791   0   4   0
170 -73.9838 40.6681   0   6   0
171 -73.9880 40.7172   0   2   9
172 -73.9660 40.6832   8   0   2
173 -74.0789 40.7111   0   1   0
174 -73.9312 40.7975   0   3   1
175 -74.0428 40.7146   0   4   0
176 -73.9396 40.7893   0   2   0
177 -73.9574 40.7147   3   0   0
178 -73.9380 40.6826   0   4   2
179 -73.9737 40.6918   0   4   8
180 -73.9886 40.7593   0  13   5
181 -73.9452 40.6913   0   3   1
182 -73.9708 40.6980   0   2   2
183 -73.9379 40.8029   7   0   0
184 -73.9416 40.7870   0   9   0
185 -73.9342 40.7708   1   0   0
186 -73.9827 40.7634  19   0   1
187 -73.9848 40.7131   3   0   2
188 -73.9665 40.7990   8   0   1
189 -73.9872 40.7530   0   1   2
190 -73.9343 40.7549   0   1   0
191 -73.9225 40.7775   0   4   0
192 -73.9612 40.7687   0   2   0
193 -74.0057 40.7224   0   7   0
194 -73.9848 40.6977   3   0   0
195 -74.0389 40.7184   3   0   1
196 -73.9947 40.7506   0   2   1
197 -73.9774 40.7382   0   3   2
198 -74.0086 40.7288   3   0   1
199 -73.9399 40.6934   4   0   2
200 -73.9417 40.8070   4   0   2
201 -74.0438 40.7177   5   0   3
202 -74.0000 40.7435  11   0   7
203 -73.9607 40.8068   7   0   0
204 -73.9413 40.6986   1   0   4
205 -73.9629 40.7941   0   2   1
206 -73.9991 40.6810   0   5   1
207 -73.9967 40.7634   2   0   0
208 -73.9300 40.7030   0   2   0
209 -73.9803 40.7541  20   0   1
210 -74.0676 40.7253   5   0   0
211 -73.9865 40.6770   3   0   0
212 -73.9847 40.7747   6   0   0
213 -73.9500 40.6810   0   1   7
214 -73.9376 40.6968   0   3   1
215 -73.9830 40.7444   0   3   0
216 -73.9392 40.8076   0   2   0
217 -73.9385 40.6800   0   1   0
218 -73.9767 40.7852  11   0   0
219 -73.9590 40.7768  13   0   1
220 -73.9659 40.7678   9   0   0
221 -73.9779 40.7516   0   1   0
222 -73.9870 40.7156   0   4   0
223 -74.0003 40.7352   6   0   2
224 -73.9607 40.7781   6   0   2
225 -73.9562 40.7261   0  12   1
226 -73.9551 40.7323   7   0   4
227 -73.9992 40.7494   4   0   1
228 -73.9809 40.7834   0   2   0
229 -74.0639 40.7309   0   1   0
230 -73.9137 40.7656   4   0   1
231 -73.9349 40.8007   4   0   1
232 -74.0028 40.7609   7   0   4
233 -74.0456 40.7253   1   0   0
234 -73.9414 40.6789   0   1   1
235 -73.9402 40.7077  11   0   2
236 -74.0112 40.7149   4   0   0
237 -73.9770 40.7931   0   2   0
238 -73.9875 40.7383  13   0   0
239 -74.0079 40.6794   2   0   0
240 -73.9413 40.7485   2   0   1
241 -73.9913 40.7602   0   2   2
242 -73.9762 40.7758   0   8   5
243 -73.9445 40.7151   0   1   0
244 -74.0051 40.7394   0   4   2
245 -73.9641 40.8082   6   0   0
246 -73.9585 40.7190   0   1   0
247 -73.9878 40.7127   0   4   2
248 -73.9775 40.7786   0   4   0
249 -73.9183 40.7814   4   0   4
250 -73.9574 40.8103   0   1   1
251 -74.0496 40.7165   1   0   1
252 -74.0625 40.7337   0   1   1
253 -73.9899 40.7143   0   2   1
254 -73.9475 40.7248   0   3   1
255 -73.9781 40.7365   4   0   1
256 -73.9411 40.7614   0   4   0
257 -74.0666 40.7144   0   3   0
258 -74.0168 40.7057   2   0   6
259 -73.9752 40.6751   8   0   0
260 -73.9489 40.7425   0   3   0
261 -73.9713 40.6957   0   3   0
262 -73.9847 40.7362   0   3   1
263 -73.9556 40.7995   3   0   2
264 -73.9807 40.6984   4   0   3
265 -73.9449 40.7170   1   0   0
266 -73.9350 40.7975   3   0   0
267 -73.9632 40.6737   4   0   0
268 -73.9891 40.7221   7   0   1
269 -74.0076 40.6747   0   8   0
270 -73.9532 40.8025   4   0   3
271 -73.9411 40.6852   5   0   0
272 -73.9209 40.7675  10   0   0
273 -73.9507 40.7757   2   0   0
274 -74.0097 40.7241   4   0   1
275 -73.9773 40.7802   0   2   1
276 -74.0642 40.7237   1   0   0
277 -73.9540 40.6822   5   0   0
278 -73.9821 40.7359   7   0   1
279 -73.9406 40.7032   0   7  11
280 -73.9296 40.7565  11   0   0
281 -73.9606 40.6631   2   0   1
282 -74.0065 40.7096   6   0   0
283 -73.9265 40.7658   0   1   1
284 -73.9243 40.7581   0   2   2
285 -73.9530 40.7271   6   0   4
286 -73.9477 40.6804   0   2   2
287 -73.9674 40.7560   0   3   1
288 -73.9472 40.7840   0  10   0
289 -73.9997 40.7191   0   1   1
290 -73.9578 40.7291   0  11   1
291 -73.9626 40.7126   0   3   6
292 -74.0089 40.7072   5   0   2
293 -73.9498 40.7240   0   1   1
294 -73.9622 40.7647   0   2   1
295 -74.0127 40.7026   8   0   0
296 -73.9643 40.7763  10   0   2
297 -74.0093 40.7047   9   0   5
298 -74.0025 40.7194  10   0   1
299 -73.9440 40.7119   3   0   1
300 -73.9728 40.7850   0   2   0
301 -73.9821 40.6705   0   2   2
302 -73.9538 40.6933   0   4   0
303 -74.0091 40.7163   0   1   0
304 -73.9437 40.7017   0   3   5
305 -73.9819 40.7457   0   3   0
306 -74.0355 40.7243   0   1   1
307 -73.9795 40.6611   0   7   2
308 -73.9535 40.7666   0   3   0
309 -74.0052 40.7514   0   3   2
310 -73.9501 40.8012   2   0   1
311 -73.9543 40.7748   9   0   0
312 -73.9299 40.6794   2   0   1
313 -73.9416 40.7955   3   0   0
314 -73.9763 40.6838  18   0   1
315 -73.9800 40.7230   7   0   2
316 -73.9699 40.6979   3   0   1
317 -73.9892 40.7752   0  12   2
318 -73.9216 40.7569  11   0   1
319 -73.9514 40.7117   3   0   1
320 -73.9744 40.7000   4   0   0
321 -73.9872 40.6951   8   0  12
322 -73.9567 40.6666   0   4   1
323 -73.9822 40.7431   1   0   1
324 -73.9819 40.7653   0   1   1
325 -73.9734 40.7478   0   4   2
326 -73.9602 40.7153   4   0   1
327 -73.9905 40.7715   1   0   0
328 -73.9617 40.7204   6   0   2
329 -74.0836 40.7182   0   1   0
330 -73.9559 40.7444   8   0   2
331 -74.0062 40.7365   0   7   1
332 -74.0112 40.6790   0   2   0
333 -73.9829 40.7775   4   0   0
334 -73.9914 40.7440   0   6   1
335 -74.0158 40.7115   3   0   1
336 -73.9955 40.7004   0   3   1
337 -73.9741 40.7942   4   0   0
338 -74.0557 40.7112   2   0   0
339 -73.9826 40.6828   3   0   1
340 -73.9684 40.7076   0   4   3
341 -73.9997 40.7160   8   0   1
342 -73.9335 40.7519   0   1   1
343 -73.9999 40.6828   3   0   2
344 -73.9437 40.6962   0   3   2
345 -73.9830 40.6896   5   0   2
346 -73.9488 40.7783   0  10   3
347 -73.9819 40.7245   3   0   3
348 -73.9777 40.7519  13   0   1
349 -73.9323 40.7682   0   1   0
350 -73.9545 40.7473   2   0   0
351 -73.9584 40.7688   6   0   2
352 -73.9833 40.7415   0   2   0
353 -73.9880 40.7354   8   0   0
354 -73.9942 40.7158   6   0   1
355 -73.9407 40.7511   7   0   1
356 -73.9622 40.7671   0   1   0
357 -73.9535 40.7449   4   0   2
358 -73.9993 40.7394   0   2   7
359 -73.9981 40.7292   0   4   1
360 -74.0171 40.7083   0   4   1
361 -73.9767 40.6869   0   6   2
362 -74.0017 40.7079   0   5   0
363 -73.9712 40.7442   6   0   2
364 -73.9946 40.7397   0   1   3
365 -73.9696 40.7847   3   0   0
366 -73.9703 40.7597  11   0   3
367 -73.9968 40.7112   0   5   4
368 -73.9737 40.6978   0   1   1
369 -73.9146 40.7787   0   3   0
370 -73.9166 40.7577   0   2   0
371 -73.9948 40.6806  11   0   0
372 -73.9739 40.7921   0   1   1
373 -73.9795 40.7275   0  13   4
374 -73.9590 40.8143   8   0   3
375 -73.9932 40.6829   2   0   1
376 -73.9939 40.7516   0   4   2
377 -73.9432 40.7933   6   0   1
378 -74.0023 40.7149   3   0   1
379 -73.9920 40.6902   5   0   3
380 -73.9410 40.7125   6   0   0
381 -73.9309 40.7740   0   2   0
382 -73.9430 40.8030   0   1   1
383 -74.0095 40.6778   3   0   2
384 -73.9960 40.7243   8   0   0
385 -73.9862 40.6850   3   0   0
386 -73.9339 40.7062   2   0   0
387 -73.9877 40.7028   7   0   0
388 -74.0510 40.7194   1   0   0
389 -73.9558 40.6803   5   0   1
390 -73.9757 40.6809   0   1   0
391 -73.9482 40.7164   2   0   2
392 -73.9871 40.7284   0  11   2
393 -73.9107 40.7641   5   0   0
394 -73.9358 40.6863   3   0   5
395 -74.0365 40.7128   6   0   1
396 -73.9441 40.7051   0   3   5
397 -73.9077 40.7714   4   0   0
398 -74.0050 40.7083   0   4   1
399 -73.9665 40.7644   0   4   1
400 -74.0086 40.7362   0   7   6
401 -73.9778 40.7734   3   0   1
402 -73.9682 40.8021  11   0   0
403 -73.9486 40.7859   8   0   0
