####################################################################################################
#    Instance of "NYC_1_150" is randomly generated from "citybike.csv.csv".
#    NOTE:
#        (1) The first 1 lines is the location of depots.
#        (2) The position code type has two option:
#            0. GEO: longtitude-latitude coordinate
#            1. XY: Cartesian coordinate
#        (3) Each data record has six data fields as follwed:
#            #ID, #LATITUDE, #LONGTITUDE, #DELIVERY_DEMAND, #PICKUP_DEMAND, #OBSOLETE_DEMAND
####################################################################################################

COORD=0
DEPOT_NUM=1
STATION_NUM=150
VEHICLE_NUM=20

0   -73.9731 40.7353   0   0   0
1   -73.9531 40.8097  10   0   0
2   -73.9837 40.7222   0   4   0
3   -73.9538 40.6851   0   2   3
4   -73.9780 40.6961   0   1   6
5   -73.9440 40.7119   0   2   1
6   -73.9240 40.7647   4   0   0
7   -73.9349 40.6815   2   0   2
8   -73.9809 40.7209   0  14   3
9   -74.0507 40.7242   0   6   0
10  -73.9363 40.7946   2   0   1
11  -74.0170 40.6869   5   0   1
12  -73.9955 40.7004   5   0   1
13  -73.9790 40.7771   1   0   0
14  -73.9852 40.7637   6   0   2
15  -74.0014 40.7410   8   0   1
16  -73.9451 40.7574   5   0   0
17  -74.0029 40.7340   0   4   2
18  -73.9570 40.7129   4   0   1
19  -74.0113 40.7277   0   2   6
20  -73.9691 40.7500  17   0   2
21  -73.9748 40.6712   0   2   0
22  -74.0112 40.7149   3   0   0
23  -73.9443 40.8015   0   1   1
24  -73.9729 40.7902   0   3   1
25  -73.9574 40.8103  11   0   1
26  -73.9675 40.6961   1   0   2
27  -73.9770 40.7931  12   0   0
28  -73.9710 40.6810   6   0   1
29  -73.9459 40.8040   4   0   1
30  -73.9479 40.6901   0   2   1
31  -73.9480 40.7215   0   3   1
32  -73.9392 40.8076   1   0   0
33  -73.9904 40.6786   1   0   0
34  -73.9938 40.7590   0  13   1
35  -74.0030 40.7497  10   0   4
36  -73.9947 40.7506   3   0   1
37  -73.9641 40.8082   7   0   0
38  -73.9834 40.7504   7   0   0
39  -73.9879 40.7623  12   0   3
40  -73.9871 40.7284   1   0   2
41  -73.9848 40.6977   0   3   0
42  -73.9588 40.6846   1   0   2
43  -73.9417 40.8070   0   2   2
44  -73.9863 40.6924   0   1   1
45  -73.9166 40.7577   0   1   0
46  -73.9689 40.6933   1   0   1
47  -73.9631 40.6716  10   0   2
48  -73.9580 40.6945   0   5   1
49  -73.9548 40.7690   0  11   2
50  -73.9840 40.6638   3   0   1
51  -73.9617 40.7204   0  10   2
52  -73.9830 40.6896   0   2   2
53  -73.9991 40.6810   0   4   1
54  -73.9968 40.7112   0   7   4
55  -73.9739 40.7921   0   1   1
56  -74.0428 40.7146   0   7   0
57  -73.9541 40.6727   2   0   0
58  -73.9712 40.7502  10   0   1
59  -73.9363 40.8057   0   2   0
60  -73.9497 40.7811   0   8   0
61  -73.9488 40.7177   7   0   2
62  -73.9626 40.7126   2   0   6
63  -73.9907 40.7345   0   6   2
64  -73.9545 40.7473   0   5   0
65  -73.9525 40.7923   0   4   4
66  -74.0057 40.7224   0   8   0
67  -73.9826 40.7716   0   1   0
68  -73.9952 40.6882   4   0   1
69  -73.9577 40.7711  11   0   0
70  -73.9473 40.7452   7   0   1
71  -73.9431 40.8108   0   4   0
72  -73.9441 40.7954   0   2   1
73  -74.0076 40.6747   0   8   0
74  -73.9399 40.7632   0   3   0
75  -73.9590 40.7768   0   2   1
76  -73.9513 40.6907   0   1   1
77  -73.9643 40.7763  12   0   2
78  -74.0460 40.7233   0   1   0
79  -73.9865 40.6770   0   6   0
80  -74.0381 40.7211   0   4   0
81  -73.9351 40.7045   0   3   0
82  -73.9830 40.6854   0   4   1
83  -73.9905 40.7715   1   0   0
84  -73.9535 40.7666   5   0   0
85  -73.9934 40.6954   1   0   0
86  -73.9306 40.7611   0   2   0
87  -74.0035 40.6830   3   0   0
88  -73.9208 40.7632   3   0   0
89  -73.9524 40.7192   6   0   0
90  -73.9397 40.8046   0   3   1
91  -73.9934 40.6976   1   0   1
92  -73.9713 40.6957   3   0   0
93  -74.0404 40.7487   2   0   0
94  -73.9552 40.7182   0   1   2
95  -73.9354 40.7447   2   0   0
96  -73.9363 40.7602   4   0   0
97  -74.0504 40.7260   1   0   0
98  -73.9847 40.7362   0   6   1
99  -73.9449 40.7170   1   0   0
100 -74.0048 40.7354   0   7   1
101 -74.0094 40.7133   0   4   1
102 -74.0030 40.7271   0   6   2
103 -73.9418 40.7438   0   1   0
104 -73.9541 40.7423  10   0   0
105 -74.0025 40.7194   9   0   1
106 -73.9682 40.8021   0   1   0
107 -74.0021 40.7304   0   4   4
108 -73.9690 40.6767   0   5   2
109 -73.9185 40.7746   2   0   0
110 -73.9728 40.7850   0   2   0
111 -74.0120 40.6736   0   8   0
112 -73.9389 40.7991   6   0   0
113 -73.9833 40.7415   8   0   0
114 -73.9659 40.7678   5   0   0
115 -74.0720 40.7257   0   1   0
116 -73.9565 40.8134   5   0   1
117 -73.9880 40.7172   0   5   9
118 -73.9276 40.7767   0   2   1
119 -74.0073 40.7071   5   0   2
120 -73.9126 40.7748   9   0   2
121 -73.9416 40.7870   0   3   0
122 -73.9407 40.7511   0   3   1
123 -73.9757 40.7331   0  10   0
124 -73.9643 40.7969   3   0   0
125 -73.9728 40.7526   0   2   0
126 -74.0000 40.7435   0   3   7
127 -73.9561 40.7093   0   4   0
128 -73.9888 40.6705   3   0   1
129 -73.9889 40.7775   1   0   2
130 -74.0104 40.7091  14   0   2
131 -73.9974 40.7547   4   0   0
132 -73.9966 40.7271   0   8   3
133 -73.9721 40.7630  10   0  10
134 -73.9590 40.8143   0   5   3
135 -73.9902 40.6953   0   3   0
136 -73.9821 40.6705   1   0   2
137 -73.9585 40.7190   7   0   0
138 -73.9460 40.7920   4   0   8
139 -73.9845 40.6884   8   0   0
140 -73.9567 40.6666   0   3   1
141 -73.9414 40.6789   0   2   1
142 -73.9699 40.6979   4   0   1
143 -73.9215 40.7056   4   0   0
144 -73.9830 40.7444  10   0   0
145 -73.9807 40.6984   2   0   3
146 -73.9535 40.7449   5   0   2
147 -73.9906 40.6867   0   4   1
148 -73.9875 40.7517  16   0   3
149 -74.0132 40.7175   0   6   4
150 -73.9938 40.7028  11   0   0
