####################################################################################################
#    Instance of "NYC_5_100" is randomly generated from "citybike.csv".
#    NOTE:
#        (1) The first 5 lines is the location of depots.
#        (2) The position code type has two option:
#            0. GEO: longtitude-latitude coordinate
#            1. XY: Cartesian coordinate
#        (3) Each data record has six data fields as follwed:
#            #ID, #LATITUDE, #LONGTITUDE, #DELIVERY_DEMAND, #PICKUP_DEMAND, #OBSOLETE_DEMAND
####################################################################################################

COORD=0
DEPOT_NUM=5
STATION_NUM=100
VEHICLE_NUM=20

0   -73.9439 40.7129   0   0   0
1   -73.9470 40.7764   0   0   0
2   -74.0196 40.7205   0   0   0
3   -73.9776 40.6863   0   0   0
4   -73.9796 40.7565   0   0   0
5   -73.9480 40.7215   2   0   1
6   -73.9940 40.7108   3   0   3
7   -73.9674 40.7560   0   3   1
8   -73.9745 40.7432   0   5   2
9   -73.9827 40.7634  19   0   1
10  -73.9413 40.7485   2   0   1
11  -73.9852 40.7637   0   1   2
12  -74.0642 40.7237   1   0   0
13  -73.9960 40.7188   9   0   2
14  -73.9836 40.7841   5   0   1
15  -73.9561 40.7093   3   0   0
16  -73.9933 40.6685   0   6   0
17  -73.9630 40.6849   6   0   0
18  -73.9416 40.7870   0   9   0
19  -73.9885 40.7490   0  10   2
20  -73.9765 40.7599  15   0   0
21  -73.9402 40.7077  11   0   2
22  -73.9584 40.7688   6   0   2
23  -73.9691 40.7500   9   0   2
24  -73.9585 40.7175   0   1   3
25  -73.9843 40.7295   0  14   0
26  -74.0321 40.7287   0   5   0
27  -73.9855 40.6663   0   2   3
28  -73.9471 40.7104   0   5   0
29  -73.9892 40.7752   0  12   2
30  -73.9491 40.8026   0   1   1
31  -73.9955 40.7004   0   3   1
32  -73.9659 40.7546   0   4   0
33  -74.0440 40.7443   0   2   0
34  -73.9459 40.7505   0   4   1
35  -73.9660 40.6832   8   0   2
36  -73.9826 40.7162   2   0   5
37  -73.9860 40.7410   9   0   0
38  -73.9979 40.6831   0   4   1
39  -73.9399 40.7632   0   1   0
40  -73.9450 40.7193   0   5   2
41  -73.9411 40.7614   0   4   0
42  -73.9323 40.7682   0   1   0
43  -73.9559 40.8039   0   8   1
44  -73.9548 40.7690   2   0   2
45  -74.0342 40.7193   4   0   0
46  -74.0065 40.7096   6   0   0
47  -73.9771 40.7429   3   0   5
48  -74.0003 40.7322   0   1   1
49  -73.9535 40.7714   6   0   1
50  -73.9843 40.6802   5   0   1
51  -74.0477 40.7185   4   0   0
52  -73.9648 40.6885   6   0   1
53  -73.9904 40.6786   0   9   0
54  -74.0166 40.7153   9   0   1
55  -73.9300 40.7030   0   2   0
56  -73.9985 40.7323   2   0   3
57  -73.9647 40.6805   0   3   0
58  -73.9972 40.7221  10   0   1
59  -73.9770 40.7931   0   2   0
60  -73.9985 40.7131   4   0   0
61  -73.9215 40.7056   0   2   0
62  -73.9828 40.6773   0   7   1
63  -73.9571 40.8017   0   4   1
64  -74.0170 40.6869   0   1   1
65  -73.9515 40.8044   0   1   3
66  -74.0429 40.7217   7   0   0
67  -74.0084 40.7038   3   0   0
68  -73.9443 40.7256   0   6   0
69  -73.9809 40.7834   0   2   0
70  -73.9169 40.7613   7   0   3
71  -73.9391 40.7576   0   1   0
72  -73.9486 40.7552   0   3   0
73  -73.9889 40.7322   2   0   0
74  -73.9856 40.7806   3   0   4
75  -74.0067 40.7317   2   0   1
76  -73.9498 40.7054   4   0   2
77  -73.9869 40.7658   6   0   2
78  -73.9349 40.6815   0   2   2
79  -73.9503 40.7905   0   8   1
80  -73.9528 40.7356   3   0   1
81  -73.9452 40.6913   0   3   1
82  -73.9590 40.7768  13   0   1
83  -73.9547 40.8052   7   0   1
84  -73.9719 40.7938   0   1   0
85  -73.9126 40.7748   4   0   2
86  -73.9777 40.7519  13   0   1
87  -74.0113 40.7277   0   1   6
88  -73.9687 40.7590   5   0   5
89  -73.9915 40.7005   7   0   3
90  -73.9760 40.7489  16   0   1
91  -74.0094 40.7111   8   0   0
92  -73.9488 40.7177   0   3   2
93  -73.9538 40.6851   4   0   3
94  -73.9737 40.7644  17   0   2
95  -73.9521 40.7497   5   0   1
96  -73.9822 40.7431   1   0   1
97  -74.0504 40.7348   5   0   0
98  -73.9121 40.7701   3   0   0
99  -74.0355 40.7243   0   1   1
100 -73.9568 40.7757   6   0   0
101 -73.9489 40.7825   0   3   0
102 -73.9675 40.6961   1   0   2
103 -73.9575 40.6906   2   0   4
104 -73.9356 40.7430   3   0   2
