####################################################################################################
#    Instance of "NYC_5_150" is randomly generated from "citybike.csv".
#    NOTE:
#        (1) The first 5 lines is the location of depots.
#        (2) The position code type has two option:
#            0. GEO: longtitude-latitude coordinate
#            1. XY: Cartesian coordinate
#        (3) Each data record has six data fields as follwed:
#            #ID, #LATITUDE, #LONGTITUDE, #DELIVERY_DEMAND, #PICKUP_DEMAND, #OBSOLETE_DEMAND
####################################################################################################

COORD=0
DEPOT_NUM=5
STATION_NUM=150
VEHICLE_NUM=20

0   -74.0524 40.7266   0   0   0
1   -73.9563 40.6934   0   0   0
2   -73.9829 40.7500   0   0   0
3   -73.9974 40.6980   0   0   0
4   -73.9443 40.7770   0   0   0
5   -73.9276 40.7767   0   2   1
6   -73.9739 40.7921   0   1   1
7   -74.0003 40.7352   6   0   2
8   -73.9826 40.7567   7   0   1
9   -74.0254 40.6851   0   2   0
10  -73.9413 40.6986   1   0   4
11  -73.9967 40.7634   2   0   0
12  -73.9488 40.7783   0  10   3
13  -74.0130 40.7150   0   1   1
14  -74.0002 40.7112   5   0   0
15  -74.0410 40.7165   0   1   0
16  -73.9788 40.7476   0   1   0
17  -73.9889 40.7322   2   0   0
18  -73.9392 40.8076   0   2   0
19  -73.9461 40.7480   0   3   1
20  -73.9590 40.8143   8   0   3
21  -73.9339 40.7062   2   0   0
22  -73.9849 40.7477   5   0   1
23  -73.9836 40.6947   0   6   7
24  -73.9832 40.7553   0   7   0
25  -73.9718 40.6931   0   5   0
26  -73.9693 40.7576   4   0   0
27  -73.9380 40.7510   0   3   1
28  -73.9570 40.7129   0   4   1
29  -73.9445 40.7151   0   1   0
30  -73.9586 40.7731   7   0   0
31  -73.9708 40.6980   0   2   2
32  -74.0088 40.6727   0   3   1
33  -73.9585 40.7175   0   1   3
34  -73.9648 40.6885   6   0   1
35  -73.9880 40.7172   0   2   9
36  -73.9479 40.7519   6   0   0
37  -74.0377 40.7152   0   5   0
38  -73.9744 40.7000   4   0   0
39  -74.0440 40.7443   0   2   0
40  -73.9818 40.7193   0   2   5
41  -73.9942 40.7158   6   0   1
42  -73.9750 40.7551   0   9   0
43  -73.9497 40.7846   0   1   1
44  -73.9765 40.7599  15   0   0
45  -73.9323 40.7682   0   1   0
46  -73.9208 40.7632   7   0   0
47  -73.9703 40.7532   6   0   1
48  -73.9363 40.8057   0   4   0
49  -73.9143 40.7596   5   0   1
50  -73.9899 40.7143   0   2   1
51  -73.9299 40.6794   2   0   1
52  -73.9645 40.7950   8   0   1
53  -73.9727 40.6875   3   0   4
54  -73.9653 40.7631   0   2   0
55  -73.9413 40.7485   2   0   1
56  -73.9749 40.6898   3   0   2
57  -74.0711 40.7276   3   0   0
58  -73.9455 40.7863   0   3   0
59  -73.9491 40.7134   2   0   2
60  -73.9568 40.7757   6   0   0
61  -73.9556 40.7995   3   0   2
62  -73.9410 40.7125   6   0   0
63  -74.0025 40.7194  10   0   1
64  -74.0000 40.6917   0  10   3
65  -73.9764 40.6651   3   0   2
66  -73.9867 40.7014   0   3   3
67  -73.9997 40.7160   8   0   1
68  -73.9547 40.8052   7   0   1
69  -74.0062 40.7365   0   7   1
70  -73.9827 40.7634  19   0   1
71  -73.9904 40.6686   0   3   1
72  -74.0666 40.7144   0   3   0
73  -73.9529 40.6764   0   5   1
74  -74.0079 40.6794   2   0   0
75  -74.0047 40.7243   5   0   5
76  -73.9660 40.6832   8   0   2
77  -73.9541 40.6727   0   4   0
78  -73.9774 40.7382   0   3   2
79  -73.9622 40.7647   0   2   1
80  -74.0625 40.7337   0   1   1
81  -73.9443 40.7256   0   6   0
82  -73.9491 40.8026   0   1   1
83  -73.9540 40.6822   5   0   0
84  -73.9519 40.8114   0   2   3
85  -73.9592 40.7225   0   4   4
86  -73.9795 40.6611   0   7   2
87  -73.9885 40.7490   0  10   2
88  -73.9262 40.7569   6   0   0
89  -73.9894 40.7026   0   4   1
90  -73.9905 40.6938   9   0   0
91  -73.9391 40.7576   0   1   0
92  -73.9819 40.7457   0   3   0
93  -74.0032 40.6764   0   2   0
94  -73.9833 40.7415   0   2   0
95  -73.9830 40.6896   5   0   2
96  -73.9728 40.7526   8   0   0
97  -73.9389 40.7132   3   0   0
98  -73.9585 40.7190   0   1   0
99  -73.9757 40.7331   0   9   0
100 -73.9418 40.7438   5   0   0
101 -73.9999 40.6828   3   0   2
102 -74.0029 40.7340   4   0   2
103 -73.9760 40.7489  16   0   1
104 -73.9472 40.7840   0  10   0
105 -73.9939 40.7516   0   4   2
106 -73.9407 40.7511   7   0   1
107 -74.0518 40.7427   0   3   1
108 -73.9246 40.7714   0   3   0
109 -73.9399 40.6934   4   0   2
110 -73.9658 40.6770   2   0   0
111 -73.9575 40.6642   0   3   7
112 -74.0067 40.7036   2   0   2
113 -73.9860 40.7410   9   0   0
114 -73.9495 40.7934   2   0   0
115 -73.9968 40.7112   0   5   4
116 -73.9399 40.7632   0   1   0
117 -73.9734 40.7478   0   4   2
118 -74.0510 40.7194   1   0   0
119 -73.9452 40.6913   0   3   1
120 -73.9588 40.6679   0   2   2
121 -73.9914 40.7440   0   6   1
122 -73.9222 40.7603   4   0   1
123 -73.9514 40.7117   3   0   1
124 -73.9522 40.7806   4   0   1
125 -73.9920 40.6902   5   0   3
126 -73.9721 40.7630  15   0  10
127 -73.9933 40.6725   0   4   0
128 -73.9170 40.7671   0   1   1
129 -73.9146 40.7787   0   3   0
130 -73.9515 40.8044   0   1   3
131 -73.9889 40.7775   0   5   2
132 -73.9852 40.7637   0   1   2
133 -73.9737 40.6918   0   4   8
134 -73.9580 40.7071   0   3   1
135 -73.9406 40.7032   0   7  11
136 -73.9509 40.6883   2   0   1
137 -74.0456 40.7253   1   0   0
138 -73.9752 40.6793   3   0   0
139 -73.9498 40.7471   2   0   2
140 -73.9791 40.7667  14   0   0
141 -73.9551 40.7323   7   0   4
142 -73.9590 40.7768  13   0   1
143 -73.9913 40.7602   0   2   2
144 -73.9992 40.7494   4   0   1
145 -73.9477 40.6804   0   2   2
146 -73.9690 40.6767   0   5   2
147 -73.9380 40.6826   0   4   2
148 -73.9551 40.7776   0   1   0
149 -73.9838 40.7262   1   0   2
150 -73.9946 40.7397   0   1   3
151 -73.9715 40.7664   0   1   2
152 -73.9821 40.6705   0   2   2
153 -74.0168 40.7057   2   0   6
154 -73.9682 40.8021  11   0   0
