####################################################################################################
#    Instance of "NYC_3_100" is randomly generated from "citybike.csv".
#    NOTE:
#        (1) The first 3 lines is the location of depots.
#        (2) The position code type has two option:
#            0. GEO: longtitude-latitude coordinate
#            1. XY: Cartesian coordinate
#        (3) Each data record has six data fields as follwed:
#            #ID, #LATITUDE, #LONGTITUDE, #DELIVERY_DEMAND, #PICKUP_DEMAND, #OBSOLETE_DEMAND
####################################################################################################

COORD=0
DEPOT_NUM=3
STATION_NUM=100
VEHICLE_NUM=20

0   -73.9694 40.6909   0   0   0
1   -73.9991 40.7322   0   0   0
2   -73.9507 40.7816   0   0   0
3   -73.9532 40.8025   4   0   3
4   -73.9785 40.6796   3   0   1
5   -74.0102 40.7129   1   0   0
6   -74.0051 40.7394   0   4   2
7   -73.9773 40.7802   0   2   1
8   -73.9622 40.7671   0   1   0
9   -74.0003 40.7322   0   1   1
10  -73.9577 40.7786   8   0   0
11  -74.0789 40.7111   0   1   0
12  -73.9927 40.7189   3   0   2
13  -73.9889 40.7775   0   5   2
14  -73.9513 40.6907   5   0   1
15  -73.9590 40.7768  13   0   1
16  -73.9503 40.7003   0   4   1
17  -73.9265 40.7658   0   1   1
18  -74.0463 40.7215   0   1   0
19  -73.9632 40.7169   2   0   2
20  -73.9541 40.6727   0   4   0
21  -73.9473 40.7877   0   1   1
22  -73.9770 40.7931   0   2   0
23  -74.0017 40.7249   0   4   3
24  -73.9763 40.7178   0   3   0
25  -73.9276 40.7767   0   2   1
26  -73.9894 40.7026   0   4   1
27  -74.0477 40.7185   4   0   0
28  -73.9606 40.6631   2   0   1
29  -73.9914 40.7547   0  12   5
30  -73.9729 40.7902   0   3   1
31  -74.0071 40.7329   0   5   3
32  -73.9077 40.7714   4   0   0
33  -74.0088 40.6727   0   3   1
34  -73.9828 40.6773   0   7   1
35  -73.9531 40.8097   0   1   0
36  -73.9539 40.7303   2   0   3
37  -73.9774 40.7382   0   3   2
38  -73.9463 40.6943   0   6   0
39  -73.9497 40.7811   2   0   0
40  -73.9588 40.6679   0   2   2
41  -73.9660 40.6832   8   0   2
42  -73.9422 40.7191   1   0   1
43  -73.9779 40.6851   5   0   3
44  -73.9411 40.6852   5   0   0
45  -73.9634 40.8109   0   1   0
46  -73.9780 40.6961   0   3   6
47  -73.9909 40.7502   0   6   1
48  -73.9886 40.7683   0   5   0
49  -73.9777 40.7519  13   0   1
50  -73.9970 40.7141   8   0   1
51  -73.9430 40.8030   0   1   1
52  -73.9942 40.7158   6   0   1
53  -73.9432 40.7933   6   0   1
54  -74.0130 40.7150   0   1   1
55  -73.9523 40.7141   0   6   0
56  -73.9464 40.7058   1   0   1
57  -73.9902 40.6953   0   4   0
58  -73.9938 40.6864   3   0   0
59  -73.9441 40.7954  10   0   1
60  -73.9354 40.7447   3   0   0
61  -73.9728 40.7526   8   0   0
62  -73.9871 40.7284   0  11   2
63  -74.0000 40.6917   0  10   3
64  -74.0019 40.6743   0   4   0
65  -73.9826 40.7716   9   0   0
66  -73.9899 40.7143   0   2   1
67  -74.0028 40.7609   7   0   4
68  -74.0093 40.7047   9   0   5
69  -73.9981 40.7292   0   4   1
70  -73.9556 40.6776   0   4   1
71  -73.9697 40.6876   1   0   2
72  -73.9721 40.7571   0   1   3
73  -73.9770 40.6933   0   2   3
74  -74.0061 40.7053   0   2   2
75  -73.9822 40.7431   1   0   1
76  -74.0024 40.6859   0   6   0
77  -73.9548 40.7208   3   0   0
78  -73.9434 40.7533   0   3   1
79  -74.0147 40.6758   1   0   1
80  -73.9519 40.8114   0   2   3
81  -73.9609 40.6722   0   2   0
82  -73.9482 40.7041   4   0   1
83  -74.0000 40.7435  11   0   7
84  -73.9246 40.7714   0   3   0
85  -73.9734 40.7478   0   4   2
86  -73.9919 40.7161   8   0   2
87  -73.9708 40.6980   0   2   2
88  -74.0037 40.7435   2   0   7
89  -73.9819 40.7457   0   3   0
90  -73.9371 40.6924   4   0   3
91  -73.9161 40.7729   0   1   0
92  -73.9509 40.6883   2   0   1
93  -73.9536 40.7878   0   1   0
94  -73.9987 40.6764   1   0   2
95  -73.9900 40.7202   0   6   5
96  -73.9630 40.6849   6   0   0
97  -73.9866 40.7551   0   2   0
98  -73.9342 40.7708   1   0   0
99  -73.9944 40.6850   1   0   0
100 -73.9830 40.6896   5   0   2
101 -73.9358 40.7072   5   0   0
102 -73.9972 40.7473   7   0   3
