####################################################################################################
#    Instance of "NYC_5_250" is randomly generated from "citybike.csv".
#    NOTE:
#        (1) The first 5 lines is the location of depots.
#        (2) The position code type has two option:
#            0. GEO: longtitude-latitude coordinate
#            1. XY: Cartesian coordinate
#        (3) Each data record has six data fields as follwed:
#            #ID, #LATITUDE, #LONGTITUDE, #DELIVERY_DEMAND, #PICKUP_DEMAND, #OBSOLETE_DEMAND
####################################################################################################

COORD=0
DEPOT_NUM=5
STATION_NUM=250
VEHICLE_NUM=20

0   -73.9881 40.7397   0   0   0
1   -73.9971 40.6911   0   0   0
2   -73.9527 40.6963   0   0   0
3   -73.9526 40.7804   0   0   0
4   -74.0531 40.7217   0   0   0
5   -73.9901 40.7370  20   0   2
6   -73.9718 40.6931   0   5   0
7   -74.0335 40.7162   9   0   0
8   -74.0028 40.7609   7   0   4
9   -73.9845 40.7607  10   0   3
10  -73.9892 40.7429   0   1   1
11  -73.9992 40.7494   4   0   1
12  -73.9566 40.7424   0   3   0
13  -73.9960 40.6951   4   0   0
14  -73.9988 40.7603   1   0   1
15  -74.0321 40.7287   0   5   0
16  -73.9913 40.7602   0   2   2
17  -73.9696 40.7847   3   0   0
18  -73.9987 40.6764   1   0   2
19  -73.9863 40.7207   0  10   1
20  -73.9916 40.7492   0   2   3
21  -73.9557 40.7241   0   1   0
22  -73.9570 40.7129   0   4   1
23  -74.0147 40.6758   1   0   1
24  -73.9942 40.7417  12   0   2
25  -73.9351 40.7138   0   2   0
26  -73.9648 40.6885   6   0   1
27  -73.9795 40.7122   2   0   5
28  -74.0003 40.7322   0   1   1
29  -73.9762 40.7758   0   8   5
30  -73.9691 40.7500   9   0   2
31  -73.9741 40.7942   4   0   0
32  -73.9902 40.6953   0   4   0
33  -73.9630 40.6849   6   0   0
34  -73.9491 40.8026   0   1   1
35  -73.9974 40.7547   0   2   0
36  -73.9670 40.8042   4   0   0
37  -73.9737 40.7644  17   0   2
38  -73.9910 40.7302  17   0   3
39  -73.9659 40.7546   0   4   0
40  -74.0086 40.7362   0   7   6
41  -74.0158 40.7115   3   0   1
42  -73.9739 40.7921   0   1   1
43  -73.9960 40.7243   8   0   0
44  -73.9356 40.7430   3   0   2
45  -74.0017 40.7079   0   5   0
46  -73.9770 40.6933   0   2   3
47  -74.0410 40.7165   0   1   0
48  -74.0784 40.7246   3   0   0
49  -73.9944 40.6850   1   0   0
50  -73.9507 40.7757   2   0   0
51  -74.0136 40.7046   1   0   4
52  -73.9460 40.7920   3   0   8
53  -74.0061 40.7053   0   2   2
54  -73.9420 40.8005   9   0   0
55  -73.9562 40.6758   4   0   0
56  -73.9886 40.7593   0  13   5
57  -73.9779 40.7516   0   1   0
58  -73.9803 40.7541  20   0   1
59  -73.9460 40.7779   5   0   2
60  -73.9904 40.6786   0   9   0
61  -73.9385 40.6800   0   1   0
62  -73.9441 40.6824   0   4   0
63  -74.0077 40.7219   0   3   1
64  -73.9323 40.7682   0   1   0
65  -73.9183 40.7814   4   0   4
66  -73.9872 40.6846   0   4   1
67  -73.9578 40.7291   0  11   1
68  -73.9521 40.7497   5   0   1
69  -73.9906 40.6867   2   0   1
70  -73.9960 40.7188   9   0   2
71  -73.9777 40.7252   1   0   3
72  -73.9721 40.7571   0   1   3
73  -73.9586 40.7731   7   0   0
74  -73.9459 40.7817   3   0   0
75  -73.9712 40.7442   6   0   2
76  -74.0055 40.7115   7   0   0
77  -73.9684 40.7076   0   4   3
78  -73.9413 40.6986   1   0   4
79  -73.9877 40.7510   3   0   0
80  -73.9848 40.7131   3   0   2
81  -73.9363 40.7946   0   6   1
82  -73.9494 40.8078   0   3   0
83  -73.9946 40.7397   0   1   3
84  -74.0166 40.7153   9   0   1
85  -73.9622 40.7671   0   1   0
86  -73.9849 40.7477   5   0   1
87  -73.9529 40.6764   0   5   1
88  -73.9729 40.7902   0   3   1
89  -74.0076 40.6747   0   8   0
90  -73.9939 40.7466   6   0   3
91  -73.9491 40.7134   2   0   2
92  -73.9501 40.8012   2   0   1
93  -73.9970 40.7141   8   0   1
94  -73.9627 40.7591   0   4   0
95  -73.9767 40.7852  11   0   0
96  -73.9814 40.7274   4   0   3
97  -73.9308 40.7659   0   1   3
98  -73.9503 40.7905   0   8   1
99  -73.9571 40.8017   0   4   1
100 -74.0120 40.6736   1   0   0
101 -73.9708 40.6980   0   2   2
102 -73.9622 40.7738   0   1   1
103 -73.9607 40.7781   6   0   2
104 -73.9736 40.6958   0   5   5
105 -73.9380 40.7536   6   0   0
106 -73.9860 40.7410   9   0   0
107 -74.0091 40.7163   0   1   0
108 -74.0127 40.7026   8   0   0
109 -73.9238 40.7020   0   1   0
110 -73.9552 40.7182   0   1   2
111 -73.9602 40.6890   1   0   5
112 -73.9441 40.7051   0   3   5
113 -74.0065 40.6770   3   0   0
114 -73.9397 40.8046   0   2   1
115 -73.9886 40.7683   0   5   0
116 -73.9592 40.7225   0   4   4
117 -73.9451 40.7574   6   0   0
118 -73.9797 40.6868   0   2   3
119 -73.9737 40.6918   0   4   8
120 -73.9728 40.7526   8   0   0
121 -73.9890 40.6663   0   1   0
122 -73.9521 40.7881   0   2   0
123 -73.9437 40.6962   0   3   2
124 -73.9560 40.7814   6   0   0
125 -73.9431 40.8108   4   0   0
126 -73.9296 40.7565  11   0   0
127 -73.9787 40.6741   0   5   1
128 -73.9411 40.7614   0   4   0
129 -74.0093 40.7047   9   0   5
130 -73.9830 40.7444   0   3   0
131 -74.0052 40.7514   0   3   2
132 -73.9919 40.7161   8   0   2
133 -74.0084 40.7038   3   0   0
134 -73.9966 40.7271   0   5   3
135 -73.9981 40.7292   0   4   1
136 -73.9552 40.8100   0   2   0
137 -73.9399 40.6934   4   0   2
138 -73.9443 40.7256   0   6   0
139 -73.9630 40.8027   5   0   0
140 -74.0078 40.7467   0   1   1
141 -74.0048 40.7354   0   7   1
142 -73.9612 40.7687   0   2   0
143 -73.9437 40.7892   8   0   0
144 -73.9538 40.6933   0   4   0
145 -73.9880 40.7172   0   2   9
146 -73.9551 40.7323   7   0   4
147 -73.9826 40.7567   7   0   1
148 -73.9363 40.8057   0   4   0
149 -73.9449 40.7087   0   4   5
150 -73.9656 40.6865   0   2   2
151 -73.9772 40.7903   0   1   0
152 -73.9477 40.6804   0   2   2
153 -73.9609 40.6722   0   2   0
154 -73.9582 40.7650   8   0   3
155 -74.0113 40.7277   0   1   6
156 -73.9548 40.7690   2   0   2
157 -73.9929 40.7141   1   0   7
158 -74.0075 40.7428  14   0   0
159 -73.9373 40.7413   6   0   0
160 -73.9773 40.7802   0   2   1
161 -73.9900 40.7202   0   6   5
162 -73.9809 40.7209   0  11   3
163 -73.9584 40.7688   6   0   2
164 -73.9809 40.7797  12   0  10
165 -73.9399 40.7632   0   1   0
166 -73.9907 40.7250   1   0   0
167 -73.9757 40.7237   0   4   2
168 -73.9504 40.7218   6   0   3
169 -74.0081 40.7393   0   7   2
170 -73.9659 40.7678   9   0   0
171 -74.0035 40.6830   3   0   0
172 -73.9754 40.7414   7   0   5
173 -73.9880 40.7354   8   0   0
174 -73.9875 40.7383  13   0   0
175 -74.0720 40.7257   0   1   0
176 -73.9799 40.6687   1   0   0
177 -74.0016 40.6876   0   2   0
178 -73.9765 40.7599  15   0   0
179 -73.9535 40.7666   0   3   0
180 -73.9885 40.7490   0  10   2
181 -73.9333 40.7950   0   2   0
182 -74.0504 40.7260   0   5   0
183 -73.9805 40.7338   0  15   5
184 -74.0088 40.6727   0   3   1
185 -73.9847 40.7747   6   0   0
186 -73.9153 40.7762   4   0   0
187 -74.0072 40.7086   7   0   1
188 -73.9875 40.7517   0   1   3
189 -74.0024 40.6859   0   6   0
190 -73.9358 40.6863   3   0   5
191 -73.9613 40.8121   0   1   0
192 -73.9798 40.7613  10   0   0
193 -73.9682 40.8021  11   0   0
194 -73.9905 40.6938   9   0   0
195 -73.9920 40.6902   5   0   3
196 -73.9991 40.7305   0   5   2
197 -73.9509 40.6883   2   0   1
198 -73.9222 40.7603   4   0   1
199 -73.9461 40.7480   0   3   1
200 -73.9338 40.7747   3   0   1
201 -73.9265 40.7658   0   1   1
202 -73.9498 40.7054   4   0   2
203 -73.9836 40.7841   5   0   1
204 -73.9797 40.7439   2   0   2
205 -73.9406 40.7032   0   7  11
206 -73.9621 40.7998   0   1   0
207 -73.9524 40.6953   0   2   5
208 -73.9373 40.7969   3   0   1
209 -73.9414 40.6789   0   1   1
210 -73.9784 40.6704   5   0   0
211 -74.0456 40.7253   1   0   0
212 -73.9847 40.7362   0   3   1
213 -73.9365 40.7639   1   0   0
214 -74.0381 40.7211   0   2   0
215 -73.9632 40.6737   4   0   0
216 -73.9830 40.6896   5   0   2
217 -73.9565 40.6742   0   2   0
218 -73.9692 40.6842   5   0   3
219 -73.9965 40.6862   3   0   1
220 -73.9770 40.7931   0   2   0
221 -73.9870 40.7156   0   4   0
222 -73.9949 40.7314   4   0   3
223 -73.9933 40.6725   0   4   0
224 -73.9995 40.7236   0   4   3
225 -73.9768 40.7394   4   0   2
226 -73.9398 40.8013  10   0   0
227 -73.9818 40.7193   0   2   5
228 -74.0666 40.7144   0   3   0
229 -74.0032 40.6764   0   2   0
230 -73.9358 40.7072   5   0   0
231 -73.9471 40.6996   5   0   1
232 -73.9715 40.7664   0   1   2
233 -73.9781 40.7365   4   0   1
234 -73.9617 40.7204   6   0   2
235 -73.9689 40.6894   2   0   2
236 -73.9763 40.6838  18   0   1
237 -73.9568 40.7757   6   0   0
238 -73.9349 40.6815   0   2   2
239 -73.9843 40.6922   4   0   2
240 -73.9973 40.7424   3   0   0
241 -73.9170 40.7712   0   1   1
242 -74.0065 40.7096   6   0   0
243 -74.0429 40.7217   7   0   0
244 -74.0836 40.7182   0   1   0
245 -74.0030 40.7497   0   1   4
246 -73.9736 40.6681  10   0   3
247 -73.9416 40.7955   3   0   0
248 -73.9535 40.7714   6   0   1
249 -73.9787 40.7829   0   5   0
250 -74.0157 40.6772   0   3   1
251 -73.9819 40.7245   3   0   3
252 -73.9940 40.7108   3   0   3
253 -73.9924 40.7373  15   0   0
254 -74.0001 40.6784   5   0   1
