####################################################################################################
#    Instance of "NYC_6_030" is randomly generated from "citybike.csv".
#    NOTE:
#        (1) The first 6 lines is the location of depots.
#        (2) The position code type has two option:
#            0. GEO: longtitude-latitude coordinate
#            1. XY: Cartesian coordinate
#        (3) Each data record has six data fields as follwed:
#            #ID, #LATITUDE, #LONGTITUDE, #DELIVERY_DEMAND, #PICKUP_DEMAND, #OBSOLETE_DEMAND
####################################################################################################

COORD=0
DEPOT_NUM=6
STATION_NUM=30
VEHICLE_NUM=20

0   -73.9530 40.7912   0   0   0
1   -73.9827 40.7391   0   0   0
2   -73.9477 40.7127   0   0   0
3   -73.9193 40.7591   0   0   0
4   -74.0573 40.7459   0   0   0
5   -74.0017 40.6967   0   0   0
6   -73.9858 40.7231   3   0   7
7   -73.9523 40.7988   0   1   1
8   -73.9551 40.7776   0   1   0
9   -73.9530 40.7271   6   0   4
10  -74.0112 40.7149   4   0   0
11  -73.9787 40.7829   0   5   0
12  -74.0003 40.7352   6   0   2
13  -73.9475 40.7248   0   3   1
14  -73.9169 40.7613   7   0   3
15  -73.9215 40.7056   0   2   0
16  -73.9653 40.7104   4   0   1
17  -73.9613 40.8121   0   1   0
18  -74.0573 40.7459   2   0   0
19  -73.9379 40.8029   7   0   0
20  -73.9955 40.7004   0   3   1
21  -73.9757 40.7331   0   9   0
22  -73.9523 40.7141   0   6   0
23  -73.9463 40.6943   0   6   0
24  -73.9590 40.7768  13   0   1
25  -73.9525 40.7923   8   0   4
26  -73.9503 40.7905   0   8   1
27  -74.0095 40.6778   3   0   2
28  -73.9627 40.7591   0   4   0
29  -73.9216 40.7569  11   0   1
30  -73.9437 40.7892   8   0   0
31  -73.9905 40.6938   9   0   0
32  -73.9881 40.7485  10   0   1
33  -73.9396 40.7893   0   2   0
34  -73.9860 40.7410   9   0   0
35  -73.9805 40.7338   0  15   5
