####################################################################################################
#    Instance of "NYC_6_100" is randomly generated from "citybike.csv.csv".
#    NOTE:
#        (1) The first 6 lines is the location of depots.
#        (2) The position code type has two option:
#            0. GEO: longtitude-latitude coordinate
#            1. XY: Cartesian coordinate
#        (3) Each data record has six data fields as follwed:
#            #ID, #LATITUDE, #LONGTITUDE, #DELIVERY_DEMAND, #PICKUP_DEMAND, #OBSOLETE_DEMAND
####################################################################################################

COORD=0
DEPOT_NUM=6
STATION_NUM=100
VEHICLE_NUM=20

0   -73.9345 40.7567   0   0   0
1   -73.9818 40.6807   0   0   0
2   -73.9970 40.7280   0   0   0
3   -73.9647 40.7825   0   0   0
4   -73.9493 40.7137   0   0   0
5   -74.0493 40.7295   0   0   0
6   -73.9413 40.7485   2   0   1
7   -73.9594 40.7831   6   0   0
8   -73.9960 40.7188   0   6   2
9   -73.9915 40.7005   0   3   3
10  -73.9729 40.7902   0   3   1
11  -73.9430 40.8030  11   0   1
12  -73.9380 40.7510   0   2   1
13  -73.9539 40.6631   0   4   1
14  -73.9682 40.8021   0   1   0
15  -73.9380 40.7536   8   0   0
16  -73.9653 40.7631  17   0   0
17  -73.9821 40.6705   1   0   2
18  -73.9498 40.7054   0   1   2
19  -73.9479 40.7519   0   3   0
20  -73.9355 40.7692   0   4   0
21  -73.9586 40.7731   9   0   0
22  -74.0055 40.7176   7   0   0
23  -74.0127 40.7026  10   0   0
24  -73.9829 40.7775   4   0   0
25  -74.0525 40.7376   0   5   2
26  -73.9900 40.7202   0  13   5
27  -73.9418 40.7438   0   1   0
28  -73.9847 40.7362   0   6   1
29  -74.0025 40.7194   9   0   1
30  -73.9417 40.8070   0   2   2
31  -73.9834 40.7504   7   0   0
32  -74.0029 40.7340   0   4   2
33  -73.9558 40.6803   0   2   1
34  -73.9932 40.6829   2   0   1
35  -73.9482 40.7164   0   3   2
36  -74.0051 40.7394   6   0   2
37  -73.9953 40.7449   0   1   1
38  -73.9568 40.7757  17   0   0
39  -73.9578 40.7291   0  10   1
40  -74.0071 40.7329   5   0   3
41  -73.9672 40.7610   0   1   0
42  -73.9216 40.7569   9   0   1
43  -73.9584 40.7688   9   0   2
44  -73.9452 40.8084   0   4   0
45  -73.9503 40.7003   0   5   1
46  -73.9146 40.7787   5   0   0
47  -73.9947 40.7506   3   0   1
48  -73.9805 40.7338   2   0   5
49  -73.9575 40.7450   0   2   1
50  -73.9867 40.7014   5   0   3
51  -73.9464 40.7058   1   0   1
52  -74.0032 40.6764   0   2   0
53  -73.9838 40.6681   0   4   0
54  -73.9711 40.8013  13   0   1
55  -73.9848 40.7131   0   4   2
56  -73.9670 40.7692   0   1   1
57  -73.9107 40.7641   0   2   0
58  -73.9557 40.7241   0   2   0
59  -73.9834 40.7623  16   0   0
60  -73.9787 40.6741   3   0   1
61  -73.9621 40.7998   0   1   0
62  -73.9532 40.8144   6   0   2
63  -73.9374 40.7672   0   4   0
64  -73.9077 40.7714   4   0   0
65  -74.0019 40.6743   0   3   0
66  -74.0030 40.7271   0   6   2
67  -74.0355 40.7243   0   1   1
68  -74.0076 40.6747   0   8   0
69  -73.9215 40.7056   4   0   0
70  -74.0676 40.7253   7   0   0
71  -73.9737 40.7790   0   9   0
72  -73.9455 40.7863   6   0   0
73  -73.9535 40.7449   5   0   2
74  -73.9767 40.6869   3   0   2
75  -73.9848 40.6977   0   3   0
76  -73.9489 40.7425   6   0   0
77  -73.9558 40.7728   0   3   1
78  -73.9552 40.7182   0   1   2
79  -73.9865 40.6770   0   6   0
80  -73.9779 40.6851   0   2   3
81  -74.0055 40.7115   3   0   0
82  -74.0573 40.7459   0   2   0
83  -73.9687 40.7590   5   0   5
84  -73.9624 40.6780   1   0   0
85  -73.9813 40.6920   0   3   4
86  -73.9354 40.7447   2   0   0
87  -73.9765 40.7599   0   1   0
88  -73.9960 40.7243  13   0   0
89  -73.9880 40.7705   0  23   1
90  -73.9810 40.6899   0   3   5
91  -74.0336 40.7141   5   0   0
92  -73.9495 40.7934   5   0   0
93  -73.9999 40.6828   5   0   2
94  -73.9323 40.7682   4   0   0
95  -73.9588 40.6679   0   1   2
96  -73.9856 40.7806   0   7   4
97  -73.9918 40.6910   5   0   1
98  -73.9836 40.7841   0   4   1
99  -73.9736 40.6681   5   0   3
100 -73.9632 40.6737   7   0   0
101 -73.9422 40.7191   0   7   1
102 -73.9259 40.7616   4   0   0
103 -73.9877 40.6791   0   7   0
104 -73.9659 40.7129   2   0   1
105 -73.9327 40.7572  11   0   0
