####################################################################################################
#    Instance of "NYC_5_060" is randomly generated from "citybike.csv".
#    NOTE:
#        (1) The first 5 lines is the location of depots.
#        (2) The position code type has two option:
#            0. GEO: longtitude-latitude coordinate
#            1. XY: Cartesian coordinate
#        (3) Each data record has six data fields as follwed:
#            #ID, #LATITUDE, #LONGTITUDE, #DELIVERY_DEMAND, #PICKUP_DEMAND, #OBSOLETE_DEMAND
####################################################################################################

COORD=0
DEPOT_NUM=5
STATION_NUM=60
VEHICLE_NUM=20

0   -73.9509 40.7799   0   0   0
1   -73.9798 40.6831   0   0   0
2   -74.0543 40.7235   0   0   0
3   -73.9902 40.7379   0   0   0
4   -73.9450 40.6985   0   0   0
5   -73.9797 40.7439   2   0   2
6   -73.9482 40.7041   4   0   1
7   -73.9718 40.6931   0   5   0
8   -73.9899 40.7143   0   2   1
9   -73.9690 40.6767   0   5   2
10  -73.9486 40.7859   8   0   0
11  -73.9238 40.7020   0   1   0
12  -73.9872 40.7530   0   1   2
13  -74.0078 40.7467   0   1   1
14  -73.9797 40.6868   0   2   3
15  -73.9777 40.7252   1   0   3
16  -73.9376 40.6968   0   3   1
17  -73.9343 40.7628   0   3   1
18  -73.9530 40.7271   6   0   4
19  -73.9265 40.7658   0   1   1
20  -73.9939 40.7466   6   0   3
21  -73.9471 40.6996   5   0   1
22  -74.0429 40.7217   7   0   0
23  -73.9995 40.7236   0   4   3
24  -73.9476 40.7903  12   0   0
25  -73.9479 40.7519   6   0   0
26  -73.9225 40.7775   0   4   0
27  -73.9910 40.7302  17   0   3
28  -73.9299 40.6794   2   0   1
29  -73.9833 40.7415   0   2   0
30  -73.9787 40.7829   0   5   0
31  -73.9259 40.7616   6   0   0
32  -73.9491 40.8026   0   1   1
33  -73.9477 40.6804   0   2   2
34  -73.9498 40.6840   0   2   5
35  -73.9411 40.6852   5   0   0
36  -73.9836 40.7841   5   0   1
37  -73.9570 40.7129   0   4   1
38  -73.9437 40.7892   8   0   0
39  -73.9992 40.7494   4   0   1
40  -73.9785 40.6796   3   0   1
41  -73.9536 40.7878   0   1   0
42  -73.9421 40.6895   4   0   1
43  -73.9872 40.6951   8   0  12
44  -73.9865 40.6770   3   0   0
45  -74.0365 40.7128   6   0   1
46  -73.9728 40.7850   0   2   0
47  -73.9664 40.8008   0   2   0
48  -73.9510 40.7088   6   0   1
49  -73.9763 40.6838  18   0   1
50  -74.0595 40.7350   0   3   1
51  -74.0014 40.7410   6   0   1
52  -73.9486 40.7552   0   3   0
53  -73.9710 40.6810   0   3   1
54  -73.9562 40.7261   0  12   1
55  -73.9365 40.7639   1   0   0
56  -73.9979 40.6747   0   2   2
57  -73.9596 40.7434   0   1   0
58  -74.0029 40.7340   4   0   2
59  -73.9399 40.6934   4   0   2
60  -73.9580 40.7071   0   3   1
61  -73.9809 40.7834   0   2   0
62  -73.9385 40.6800   0   1   0
63  -74.0784 40.7246   3   0   0
64  -73.9494 40.8078   0   3   0
