####################################################################################################
#    Instance of "NYC_4_150" is randomly generated from "citybike.csv".
#    NOTE:
#        (1) The first 4 lines is the location of depots.
#        (2) The position code type has two option:
#            0. GEO: longtitude-latitude coordinate
#            1. XY: Cartesian coordinate
#        (3) Each data record has six data fields as follwed:
#            #ID, #LATITUDE, #LONGTITUDE, #DELIVERY_DEMAND, #PICKUP_DEMAND, #OBSOLETE_DEMAND
####################################################################################################

COORD=0
DEPOT_NUM=4
STATION_NUM=150
VEHICLE_NUM=20

0   -73.9851 40.7384   0   0   0
1   -74.0293 40.7115   0   0   0
2   -73.9473 40.7805   0   0   0
3   -73.9620 40.6907   0   0   0
4   -73.9617 40.7204   6   0   2
5   -73.9968 40.7112   0   5   4
6   -73.9570 40.7129   0   4   1
7   -73.9606 40.6631   2   0   1
8   -74.0488 40.7257   0   4   0
9   -73.9765 40.7599  15   0   0
10  -73.9596 40.7434   0   1   0
11  -73.9830 40.7444   0   3   0
12  -73.9916 40.7492   0   2   3
13  -73.9373 40.7413   6   0   0
14  -73.9243 40.7581   0   2   2
15  -73.9671 40.6740   0   1   1
16  -73.9992 40.7494   4   0   1
17  -73.9547 40.8052   7   0   1
18  -73.9358 40.7072   5   0   0
19  -73.9763 40.7659  15   0   1
20  -73.9107 40.7641   5   0   0
21  -73.9653 40.7631   0   2   0
22  -73.9767 40.7852  11   0   0
23  -73.9856 40.7806   3   0   4
24  -73.9807 40.7297   0   9   3
25  -73.9622 40.7671   0   1   0
26  -73.9993 40.7394   0   2   7
27  -73.9748 40.6712   4   0   0
28  -73.9658 40.6770   2   0   0
29  -73.9833 40.7415   0   2   0
30  -73.9575 40.6642   0   3   7
31  -73.9501 40.8012   2   0   1
32  -73.9927 40.7189   3   0   2
33  -73.9276 40.7767   0   2   1
34  -73.9358 40.6863   3   0   5
35  -73.9577 40.7786   8   0   0
36  -74.0381 40.7211   0   2   0
37  -73.9919 40.7161   8   0   2
38  -73.9450 40.7193   0   5   2
39  -74.0442 40.7276   0   2   1
40  -73.9299 40.6794   2   0   1
41  -73.9938 40.7274   0   1   0
42  -74.0168 40.7057   2   0   6
43  -73.9471 40.7104   0   5   0
44  -73.9525 40.7923   8   0   4
45  -73.9473 40.7877   0   1   1
46  -73.9535 40.7449   4   0   2
47  -73.9869 40.7658   6   0   2
48  -73.9777 40.7519  13   0   1
49  -74.0104 40.7091   5   0   2
50  -73.9979 40.7566   0   5   0
51  -73.9820 40.6662   5   0   0
52  -73.9237 40.7072   0   1   0
53  -74.0035 40.6830   3   0   0
54  -74.0113 40.7277   0   1   6
55  -73.9544 40.7068  10   0   2
56  -73.9238 40.7020   0   1   0
57  -73.9343 40.7549   0   1   0
58  -74.0389 40.7184   3   0   1
59  -73.9852 40.7637   0   1   2
60  -73.9306 40.7611   0   1   0
61  -73.9805 40.7338   0  15   5
62  -73.9739 40.7921   0   1   1
63  -73.9901 40.7370  20   0   2
64  -73.9809 40.7209   0  11   3
65  -73.9514 40.7117   3   0   1
66  -73.9363 40.7602   0   1   0
67  -73.9574 40.8103   0   1   1
68  -74.0025 40.7194  10   0   1
69  -73.9146 40.7787   0   3   0
70  -73.9848 40.6977   3   0   0
71  -73.9678 40.7521   0   4   2
72  -73.9216 40.7569  11   0   1
73  -73.9674 40.7560   0   3   1
74  -73.9333 40.7950   0   2   0
75  -74.0089 40.7072   5   0   2
76  -73.9524 40.6953   0   2   5
77  -73.9712 40.7502   5   0   1
78  -73.9399 40.6934   4   0   2
79  -73.9495 40.7934   2   0   0
80  -73.9571 40.8017   0   4   1
81  -73.9868 40.7452   3   0   0
82  -73.9455 40.7863   0   3   0
83  -73.9183 40.7814   4   0   4
84  -73.9763 40.7178   0   3   0
85  -73.9665 40.7990   8   0   1
86  -74.0000 40.7435  11   0   7
87  -73.9385 40.6800   0   1   0
88  -74.0051 40.7394   0   4   2
89  -73.9814 40.7274   4   0   3
90  -73.9721 40.7630  15   0  10
91  -74.0676 40.7253   5   0   0
92  -73.9803 40.7541  20   0   1
93  -74.0073 40.7071   0   4   2
94  -73.9894 40.7026   0   4   1
95  -73.9818 40.7193   0   2   5
96  -73.9515 40.8044   0   1   3
97  -73.9787 40.6741   0   5   1
98  -73.9521 40.7881   0   2   0
99  -74.0477 40.7185   4   0   0
100 -73.9682 40.8021  11   0   0
101 -73.9704 40.7882   0   1   0
102 -74.0789 40.7111   0   1   0
103 -73.9629 40.7941   0   2   1
104 -73.9960 40.7243   8   0   0
105 -73.9609 40.7105   6   0   0
106 -73.9441 40.7051   0   3   5
107 -73.9649 40.8060   0   1   0
108 -73.9757 40.6809   0   1   0
109 -74.0500 40.7216   0   3   0
110 -73.9489 40.7192   0   1   2
111 -73.9440 40.7119   3   0   1
112 -74.0102 40.7129   1   0   0
113 -73.9819 40.7245   3   0   3
114 -73.9697 40.6876   1   0   2
115 -73.9710 40.6810   0   3   1
116 -73.9624 40.6780   1   0   0
117 -73.9459 40.7505   0   4   1
118 -73.9835 40.6728   0   9   0
119 -73.9736 40.6958   0   5   5
120 -73.9554 40.6692   3   0   2
121 -73.9752 40.6751   8   0   0
122 -73.9952 40.6882   0   7   1
123 -73.9342 40.7708   1   0   0
124 -74.0095 40.6778   3   0   2
125 -73.9504 40.7218   6   0   3
126 -73.9718 40.6931   0   5   0
127 -74.0088 40.6727   0   3   1
128 -73.9878 40.7127   0   4   2
129 -73.9488 40.7783   0  10   3
130 -73.9815 40.6793   2   0   0
131 -74.0071 40.7329   0   5   3
132 -74.0440 40.7443   0   2   0
133 -73.9948 40.6806  11   0   0
134 -73.9622 40.7647   0   2   1
135 -73.9938 40.7028   0   3   0
136 -73.9871 40.7284   0  11   2
137 -73.9565 40.6742   0   2   0
138 -73.9692 40.6842   5   0   3
139 -74.0081 40.7393   0   7   2
140 -74.0123 40.7012   0   5   1
141 -74.0067 40.7317   2   0   1
142 -73.9843 40.6802   5   0   1
143 -73.9703 40.7532   6   0   1
144 -73.9966 40.7271   0   5   3
145 -73.9964 40.7380  17   0   0
146 -73.9737 40.6918   0   4   8
147 -73.9259 40.7616   6   0   0
148 -73.9817 40.7322   7   0   0
149 -73.9580 40.6945   0   3   1
150 -73.9523 40.7988   0   1   1
151 -73.9951 40.7333   2   0   2
152 -73.9545 40.7473   2   0   0
153 -73.9143 40.7596   5   0   1
