####################################################################################################
#    Instance of "NYC_1_400" is randomly generated from "citybike.csv.csv".
#    NOTE:
#        (1) The first 1 lines is the location of depots.
#        (2) The position code type has two option:
#            0. GEO: longtitude-latitude coordinate
#            1. XY: Cartesian coordinate
#        (3) Each data record has six data fields as follwed:
#            #ID, #LATITUDE, #LONGTITUDE, #DELIVERY_DEMAND, #PICKUP_DEMAND, #OBSOLETE_DEMAND
####################################################################################################

COORD=0
DEPOT_NUM=1
STATION_NUM=400
VEHICLE_NUM=20

0   -73.9741 40.7338   0   0   0
1   -73.9729 40.7902   0   3   1
2   -73.9265 40.7658   8   0   1
3   -74.0666 40.7144   1   0   0
4   -73.9719 40.7938  13   0   0
5   -73.9577 40.6708   0   2   1
6   -73.9389 40.7991   6   0   0
7   -73.9475 40.7248   0   5   1
8   -73.9499 40.7728   9   0   1
9   -73.9488 40.7177   7   0   2
10  -73.9339 40.7062   0   8   0
11  -74.0029 40.7340   0   4   2
12  -73.9985 40.7323   0   4   3
13  -73.9741 40.7942   4   0   0
14  -73.9900 40.7564   0  21   5
15  -73.9907 40.7345   0   6   2
16  -73.9972 40.7473   0   4   3
17  -73.9575 40.7450   0   2   1
18  -73.9892 40.7636   8   0   0
19  -73.9930 40.7627   0   9   3
20  -73.9785 40.6796   4   0   1
21  -73.9380 40.6826   1   0   2
22  -73.9609 40.7105  10   0   0
23  -74.0496 40.7165   0   3   1
24  -73.9992 40.6848   2   0   0
25  -74.0051 40.7394   6   0   2
26  -73.9973 40.7424   0   2   0
27  -73.9836 40.7841   0   4   1
28  -73.9460 40.7920   4   0   8
29  -73.9952 40.6882   4   0   1
30  -74.0020 40.7455   0   5   5
31  -73.9521 40.7881   8   0   0
32  -73.9459 40.8040   4   0   1
33  -73.9489 40.7825  10   0   0
34  -73.9757 40.7331   0  10   0
35  -73.9489 40.7425   6   0   0
36  -73.9843 40.6802   0   1   1
37  -73.9590 40.7768   0   2   1
38  -73.9739 40.7921   0   1   1
39  -73.9872 40.6951   3   0  12
40  -74.0037 40.7435   4   0   7
41  -73.9767 40.7852   0   4   0
42  -73.9660 40.6832   8   0   2
43  -74.0355 40.7243   0   1   1
44  -73.9535 40.7449   5   0   2
45  -73.9480 40.7215   0   3   1
46  -73.9259 40.7616   4   0   0
47  -73.9880 40.7354   5   0   0
48  -73.9327 40.7572  11   0   0
49  -73.9350 40.7975   0   6   0
50  -74.0381 40.7211   0   4   0
51  -73.9575 40.7858  14   0   0
52  -73.9431 40.7233   0   6   0
53  -73.9582 40.7650  16   0   3
54  -73.9494 40.8078   0   2   0
55  -73.9763 40.6838   0   3   1
56  -73.9558 40.6803   0   2   1
57  -73.9681 40.7920   4   0   2
58  -73.9645 40.7950  10   0   1
59  -73.9942 40.7417  16   0   2
60  -73.9433 40.7472   6   0   0
61  -73.9397 40.8046   0   3   1
62  -73.9445 40.7752   0   3   0
63  -73.9434 40.7533   5   0   1
64  -73.9365 40.7639   1   0   0
65  -73.9795 40.7275   2   0   4
66  -73.9993 40.7394  13   0   7
67  -73.9170 40.7712   0   2   1
68  -73.9819 40.7653   0   2   1
69  -73.9938 40.7028  11   0   0
70  -74.0158 40.7115   0   3   1
71  -73.9938 40.6864   0   5   0
72  -74.0507 40.7242   0   6   0
73  -73.9413 40.6986   2   0   4
74  -73.9834 40.7504   7   0   0
75  -73.9478 40.8095   4   0   7
76  -73.9934 40.6954   1   0   0
77  -73.9678 40.7521   0   3   2
78  -74.0057 40.7224   0   8   0
79  -74.0014 40.7410   8   0   1
80  -74.0061 40.7053   0   3   2
81  -73.9437 40.7017   0   2   5
82  -73.9826 40.7567  10   0   1
83  -73.9768 40.7394   0   2   2
84  -73.9441 40.6824   0   2   0
85  -73.9813 40.7142   0   5   0
86  -73.9919 40.7117   0   4   6
87  -73.9936 40.6777   3   0   1
88  -73.9153 40.7762   6   0   0
89  -73.9904 40.6786   1   0   0
90  -73.9554 40.6692   0   2   2
91  -73.9513 40.6907   0   1   1
92  -73.9452 40.8084   0   4   0
93  -73.9790 40.6831   0   1   7
94  -73.9770 40.7931  12   0   0
95  -73.9938 40.7274   6   0   0
96  -74.0128 40.6773   2   0   3
97  -73.9684 40.7076   0   8   3
98  -73.9530 40.7271   3   0   4
99  -73.9653 40.7104   0   2   1
100 -73.9524 40.7192   6   0   0
101 -74.0086 40.6812   0   6   1
102 -73.9524 40.6953   0   2   5
103 -73.9837 40.7222   0   4   0
104 -73.9754 40.7414   5   0   5
105 -73.9396 40.7893   7   0   0
106 -74.0022 40.7502   0   4   4
107 -73.9905 40.6938   0   3   0
108 -73.9670 40.8042   0   3   0
109 -73.9736 40.6681   5   0   3
110 -73.9431 40.8108   0   4   0
111 -74.0105 40.7175   2   0   2
112 -73.9594 40.7831   6   0   0
113 -74.0625 40.7337   0   1   1
114 -73.9386 40.7154   9   0   0
115 -74.0030 40.7497  10   0   4
116 -73.9420 40.8005   0   2   0
117 -73.9343 40.7628   3   0   1
118 -73.9351 40.7045   0   3   0
119 -73.9999 40.7378   4   0   1
120 -73.9451 40.7574   5   0   0
121 -74.0639 40.7309   9   0   0
122 -73.9585 40.7190   7   0   0
123 -73.9410 40.7125  10   0   0
124 -73.9489 40.7192   8   0   2
125 -73.9934 40.6976   1   0   1
126 -73.9519 40.8114   0   2   3
127 -74.0062 40.7365   1   0   1
128 -74.0067 40.7317   2   0   1
129 -73.9495 40.6954   0   1   1
130 -73.9757 40.6809   6   0   0
131 -73.9991 40.6810   0   4   1
132 -73.9740 40.7306   0   9   1
133 -73.9571 40.8017   0   3   1
134 -73.9951 40.7333   2   0   2
135 -73.9478 40.7962   0   7   0
136 -73.9619 40.7953  12   0   1
137 -73.9592 40.7225   2   0   4
138 -73.9777 40.7252   1   0   3
139 -73.9939 40.7516   8   0   2
140 -73.9643 40.7763  12   0   2
141 -73.9643 40.7969   3   0   0
142 -74.0065 40.6770   0   4   0
143 -74.0068 40.7433   0   1   0
144 -73.9803 40.7541  10   0   1
145 -73.9556 40.7995   0   5   2
146 -73.9630 40.6849   0   1   0
147 -73.9889 40.7322   0   9   0
148 -73.9967 40.7634   0   7   0
149 -73.9107 40.7641   0   2   0
150 -73.9660 40.7580   0   1   0
151 -73.9497 40.7846  10   0   1
152 -73.9992 40.7494   0   7   1
153 -73.9629 40.7941  13   0   1
154 -73.9999 40.6828   5   0   2
155 -73.9612 40.7687   0   2   0
156 -73.9767 40.6869   3   0   2
157 -73.9577 40.7786   0   3   0
158 -73.9509 40.6883   0   5   1
159 -73.9422 40.7191   0   7   1
160 -73.9654 40.6920   6   0   1
161 -74.0460 40.7233   0   1   0
162 -74.0072 40.7086   8   0   1
163 -74.0078 40.7467   0   1   1
164 -73.9609 40.7612   7   0   2
165 -73.9890 40.6663   0   3   0
166 -73.9389 40.7132   0   2   0
167 -74.0024 40.6859   0   7   0
168 -73.9847 40.7362   0   6   1
169 -73.9363 40.7946   2   0   1
170 -73.9276 40.7767   0   2   1
171 -73.9895 40.6924   6   0   0
172 -74.0017 40.7079   0   6   0
173 -74.0094 40.7111   0   2   0
174 -73.9891 40.7221   0   2   1
175 -73.9437 40.6962   0   3   2
176 -73.9503 40.7003   0   5   1
177 -73.9399 40.7632   0   3   0
178 -73.9452 40.6913   0   5   1
179 -73.9449 40.7087   3   0   5
180 -73.9540 40.6822   5   0   0
181 -73.9856 40.7278   0  13   1
182 -74.0836 40.7182   5   0   0
183 -73.9414 40.6789   0   2   1
184 -73.9476 40.7903  13   0   0
185 -73.9656 40.6865   3   0   2
186 -73.9830 40.6896   0   2   2
187 -73.9979 40.6747   0   2   2
188 -73.9630 40.8027   0   7   0
189 -73.9929 40.7141   1   0   7
190 -73.9856 40.7806   0   7   4
191 -73.9653 40.7631  17   0   0
192 -73.9809 40.7834   0   4   0
193 -73.9713 40.6957   3   0   0
194 -73.9480 40.7754  14   0   1
195 -73.9504 40.7218   8   0   3
196 -73.9872 40.6846   0   2   1
197 -73.9659 40.7678   5   0   0
198 -73.9491 40.8026   0   1   1
199 -73.9371 40.6924   0   1   3
200 -74.0166 40.7153   7   0   1
201 -73.9703 40.7532   0   5   1
202 -73.9875 40.7517  16   0   3
203 -73.9771 40.7429   0   6   5
204 -73.9711 40.7635  11   0   1
205 -73.9577 40.7711  11   0   0
206 -73.9609 40.6722   4   0   0
207 -73.9421 40.6895   3   0   1
208 -73.9580 40.6945   0   5   1
209 -73.9137 40.7656   0   2   1
210 -74.0089 40.7072  12   0   2
211 -73.9790 40.7771   1   0   0
212 -73.9541 40.7423  10   0   0
213 -73.9665 40.7644   0   4   1
214 -73.9443 40.8015   0   1   1
215 -73.9602 40.7153   0   1   1
216 -73.9798 40.7613  12   0   0
217 -73.9891 40.6893   5   0   1
218 -73.9809 40.7209   0  14   3
219 -73.9863 40.6924   0   1   1
220 -73.9777 40.7519  20   0   1
221 -73.9590 40.8143   0   5   3
222 -73.9623 40.7589   8   0   0
223 -73.9166 40.7577   0   1   0
224 -73.9672 40.7610   0   1   0
225 -73.9915 40.7223   3   0   4
226 -74.0001 40.6784   6   0   1
227 -74.0093 40.7047   0   3   5
228 -73.9960 40.7188   0   6   2
229 -74.0071 40.7329   5   0   3
230 -73.9299 40.6794   2   0   1
231 -73.9562 40.6758   2   0   0
232 -73.9721 40.7571  15   0   3
233 -73.9913 40.7602   1   0   2
234 -73.9486 40.7859   0   1   0
235 -73.9648 40.7913   0   3   1
236 -73.9780 40.6961   0   1   6
237 -73.9968 40.7112   0   7   4
238 -73.9208 40.7632   3   0   0
239 -73.9933 40.6685   1   0   0
240 -74.0410 40.7165   0   1   0
241 -74.0067 40.7036   2   0   2
242 -73.9615 40.6822   6   0   8
243 -73.9437 40.7892   6   0   0
244 -74.0784 40.7246   2   0   0
245 -73.9948 40.6806   6   0   0
246 -73.9587 40.7356   0   4   2
247 -73.9222 40.7603   3   0   1
248 -73.9547 40.8052  11   0   1
249 -74.0642 40.7237   0   4   0
250 -73.9763 40.7659  17   0   1
251 -73.9588 40.6679   0   1   2
252 -74.0032 40.6764   0   2   0
253 -73.9567 40.6666   0   3   1
254 -73.9538 40.6933   0   3   0
255 -74.0132 40.7175   0   6   4
256 -73.9781 40.7365   5   0   1
257 -73.9752 40.6751   0   1   0
258 -73.9880 40.7705   0  23   1
259 -73.9521 40.7497   0   6   1
260 -74.0091 40.7163   5   0   0
261 -73.9536 40.7878  11   0   0
262 -74.0055 40.7176   7   0   0
263 -74.0046 40.7127   0   9   2
264 -73.9551 40.7323   0   3   4
265 -73.9872 40.7530  14   0   2
266 -73.9732 40.6776  10   0   0
267 -73.9308 40.7659   0   1   3
268 -73.9411 40.6852   4   0   0
269 -73.9690 40.6767   0   5   2
270 -73.9380 40.7536   8   0   0
271 -73.9906 40.6867   0   4   1
272 -73.9391 40.7627   2   0   0
273 -73.9886 40.7593   1   0   5
274 -74.0103 40.7202  11   0   1
275 -73.9553 40.7835  13   0   0
276 -73.9379 40.8029   7   0   0
277 -74.0112 40.6790   4   0   0
278 -73.9830 40.7444  10   0   0
279 -73.9948 40.7232   0   3   0
280 -73.9938 40.7590   0  13   1
281 -73.9800 40.7230   6   0   2
282 -73.9869 40.7342   0   3   1
283 -73.9801 40.7550   0   2   0
284 -73.9939 40.7673   0   6   2
285 -73.9985 40.7131   4   0   0
286 -73.9335 40.7519   9   0   1
287 -73.9432 40.7933   7   0   1
288 -73.9878 40.7127   2   0   2
289 -73.9765 40.7599   0   1   0
290 -73.9879 40.7623  12   0   3
291 -73.9778 40.7734   0  10   1
292 -73.9531 40.8097  10   0   0
293 -73.9942 40.7158   7   0   1
294 -74.0048 40.7354   0   7   1
295 -73.9441 40.7051   3   0   5
296 -73.9399 40.6934   3   0   2
297 -73.9532 40.8144   6   0   2
298 -73.9991 40.7305   3   0   2
299 -74.0050 40.7083   0   4   1
300 -73.9243 40.7581   4   0   2
301 -73.9631 40.6716  10   0   2
302 -73.9659 40.7129   2   0   1
303 -73.9692 40.6842   0   3   3
304 -73.9898 40.7263   1   0   2
305 -73.9953 40.7449   0   1   1
306 -74.0079 40.6794   1   0   0
307 -73.9354 40.7447   2   0   0
308 -73.9383 40.7923   0   4   1
309 -73.9737 40.7644   7   0   2
310 -73.9417 40.8070   0   2   2
311 -73.9664 40.8008   0   2   0
312 -73.9927 40.7189   0  10   2
313 -74.0035 40.6830   3   0   0
314 -73.9964 40.7380  12   0   0
315 -74.0019 40.6743   0   3   0
316 -73.9215 40.7056   4   0   0
317 -73.9869 40.7658   6   0   2
318 -73.9779 40.7516  22   0   0
319 -74.0170 40.6869   5   0   1
320 -73.9498 40.7054   0   1   2
321 -73.9416 40.7955   0   4   0
322 -73.9216 40.7569   9   0   1
323 -73.9865 40.6770   0   6   0
324 -73.9472 40.7840   4   0   0
325 -73.9970 40.7141   0   4   1
326 -73.9835 40.6728   0   3   0
327 -74.0087 40.6571   2   0   3
328 -73.9586 40.7731   9   0   0
329 -73.9901 40.7370   8   0   2
330 -73.9246 40.7714   0   3   0
331 -73.9763 40.7178   0   6   0
332 -73.9376 40.6968   5   0   1
333 -73.9482 40.7041   0   3   1
334 -74.0557 40.7112   2   0   0
335 -73.9764 40.6651   0   2   2
336 -73.9880 40.7172   0   5   9
337 -73.9501 40.8012   4   0   1
338 -74.0385 40.7124   0   4   1
339 -73.9885 40.7490   0   9   2
340 -74.0025 40.7194   9   0   1
341 -73.9146 40.7787   5   0   0
342 -73.9680 40.6794   2   0   0
343 -74.0720 40.7257   0   1   0
344 -73.9538 40.6851   0   2   3
345 -73.9503 40.7905   5   0   1
346 -73.9675 40.6961   1   0   2
347 -74.0112 40.7149   3   0   0
348 -73.9787 40.6741   3   0   1
349 -73.9719 40.7546   0   2   0
350 -73.9306 40.7611   0   2   0
351 -73.9647 40.6805   4   0   0
352 -73.9838 40.7262   1   0   2
353 -74.0067 40.7191   4   0   0
354 -73.9459 40.7817   2   0   0
355 -73.9430 40.8030  11   0   1
356 -73.9770 40.6933   4   0   3
357 -73.9641 40.8082   7   0   0
358 -73.9828 40.6773   0   3   1
359 -73.9709 40.6730   0   4   1
360 -73.9602 40.6890   0   6   5
361 -74.0003 40.7352   0   6   2
362 -73.9407 40.7511   0   3   1
363 -73.9916 40.7492   0   6   3
364 -73.9802 40.7174   2   0   3
365 -73.9737 40.6978   0   1   1
366 -74.0003 40.7322   0   1   1
367 -74.0081 40.7393   5   0   2
368 -73.9813 40.7872   4   0   1
369 -74.0463 40.7215   0   1   0
370 -73.9556 40.6776   4   0   1
371 -73.9966 40.7271   0   8   3
372 -74.0168 40.7057   0   4   6
373 -73.9785 40.6765   1   0   0
374 -73.9934 40.6924   7   0   1
375 -73.9907 40.7250   0  11   0
376 -73.9997 40.7160   0   8   1
377 -73.9548 40.7208   3   0   0
378 -73.9309 40.7740   0   1   0
379 -73.9374 40.7672   0   4   0
380 -73.9161 40.7729   6   0   0
381 -73.9184 40.7699  10   0   0
382 -74.0335 40.7162   6   0   0
383 -73.9737 40.7790   0   9   0
384 -74.0086 40.7288   0   2   1
385 -74.0123 40.7012   3   0   1
386 -73.9183 40.7814   2   0   4
387 -73.9797 40.6868   0   2   3
388 -73.9867 40.7014   5   0   3
389 -74.0023 40.7149   5   0   1
390 -73.9949 40.7314   9   0   3
391 -73.9349 40.6815   2   0   2
392 -73.9784 40.6704   0   2   0
393 -73.9596 40.7434   6   0   0
394 -73.9461 40.7480   0   6   1
395 -73.9363 40.8057   0   2   0
396 -73.9606 40.6631   2   0   1
397 -73.9745 40.7432   3   0   2
398 -73.9852 40.7637   6   0   2
399 -74.0518 40.7427   0   3   1
400 -73.9535 40.7714   0   9   1
