####################################################################################################
#    Instance of "NYC_2_250" is randomly generated from "citybike.csv".
#    NOTE:
#        (1) The first 2 lines is the location of depots.
#        (2) The position code type has two option:
#            0. GEO: longtitude-latitude coordinate
#            1. XY: Cartesian coordinate
#        (3) Each data record has six data fields as follwed:
#            #ID, #LATITUDE, #LONGTITUDE, #DELIVERY_DEMAND, #PICKUP_DEMAND, #OBSOLETE_DEMAND
####################################################################################################

COORD=0
DEPOT_NUM=2
STATION_NUM=250
VEHICLE_NUM=20

0   -73.9544 40.7738   0   0   0
1   -73.9846 40.7068   0   0   0
2   -73.9803 40.7541  20   0   1
3   -73.9742 40.7258   0   5   1
4   -73.9927 40.7189   3   0   2
5   -73.9495 40.7934   2   0   0
6   -73.9358 40.6863   3   0   5
7   -73.9445 40.7752   3   0   0
8   -73.9938 40.6864   3   0   0
9   -74.0377 40.7152   0   5   0
10  -73.9521 40.7497   5   0   1
11  -73.9461 40.7480   0   3   1
12  -73.9551 40.7776   0   1   0
13  -74.0595 40.7350   0   3   1
14  -73.9532 40.8144   0   2   2
15  -73.9778 40.7734   3   0   1
16  -73.9886 40.7462   9   0   1
17  -73.9385 40.6800   0   1   0
18  -73.9440 40.7119   3   0   1
19  -73.9641 40.8082   6   0   0
20  -73.9747 40.7884   4   0   0
21  -73.9417 40.8070   4   0   2
22  -73.9693 40.7576   4   0   0
23  -73.9773 40.7802   0   2   1
24  -73.9371 40.6924   4   0   3
25  -73.9892 40.7429   0   1   1
26  -73.9991 40.6810   0   5   1
27  -73.9559 40.7444   8   0   2
28  -73.9910 40.7302  17   0   3
29  -73.9327 40.7572  10   0   0
30  -74.0086 40.7362   0   7   6
31  -73.9593 40.6868   0   4   1
32  -73.9464 40.7058   1   0   1
33  -73.9710 40.6810   0   3   1
34  -73.9283 40.7000   3   0   0
35  -73.9709 40.6730   0   3   1
36  -73.9979 40.6747   0   2   2
37  -73.9865 40.6770   3   0   0
38  -73.9840 40.6638   2   0   1
39  -73.9764 40.6651   3   0   2
40  -73.9482 40.7164   2   0   2
41  -73.9908 40.6820   1   0   2
42  -73.9262 40.6978   0   2   1
43  -73.9877 40.6791   0   4   0
44  -73.9606 40.6664   2   0   2
45  -73.9878 40.6751   2   0   1
46  -74.0017 40.7079   0   5   0
47  -73.9308 40.7659   0   1   3
48  -73.9583 40.7327   3   0   1
49  -73.9358 40.7072   5   0   0
50  -73.9333 40.7950   0   2   0
51  -73.9907 40.7345   7   0   2
52  -74.0029 40.7340   4   0   2
53  -74.0078 40.7467   0   1   1
54  -73.9551 40.7323   7   0   4
55  -73.9714 40.7828   2   0   0
56  -73.9934 40.6924   0   2   1
57  -73.9413 40.6986   1   0   4
58  -73.9337 40.7107   0   2   2
59  -74.0000 40.6917   0  10   3
60  -73.9847 40.7362   0   3   1
61  -73.9577 40.6708  11   0   1
62  -73.9536 40.7878   0   1   0
63  -73.9877 40.7028   7   0   0
64  -73.9993 40.7394   0   2   7
65  -73.9391 40.7627   0   2   0
66  -73.9630 40.8027   5   0   0
67  -73.9647 40.6805   0   3   0
68  -74.0020 40.7455   0  12   5
69  -73.9837 40.7222   8   0   0
70  -74.0429 40.7217   7   0   0
71  -73.9696 40.7847   3   0   0
72  -73.9586 40.7731   7   0   0
73  -73.9582 40.7650   8   0   3
74  -74.0158 40.7115   3   0   1
75  -73.9545 40.7473   2   0   0
76  -73.9939 40.7466   6   0   3
77  -73.9577 40.7786   8   0   0
78  -74.0488 40.7257   0   4   0
79  -73.9602 40.7153   4   0   1
80  -73.9397 40.8046   0   2   1
81  -73.9830 40.6896   5   0   2
82  -73.9488 40.7783   0  10   3
83  -73.9630 40.6849   6   0   0
84  -74.0504 40.7260   0   5   0
85  -73.9209 40.7675  10   0   0
86  -73.9807 40.7297   0   9   3
87  -73.9535 40.7666   0   3   0
88  -73.9886 40.7593   0  13   5
89  -73.9779 40.7516   0   1   0
90  -73.9339 40.7062   2   0   0
91  -73.9813 40.7872   4   0   1
92  -73.9321 40.7596   8   0   0
93  -74.0073 40.7071   0   4   2
94  -73.9719 40.7938   0   1   0
95  -73.9892 40.7752   0  12   2
96  -73.9704 40.7974   0   3   0
97  -73.9784 40.6704   5   0   0
98  -73.9659 40.7129   0   3   1
99  -73.9538 40.6933   0   4   0
100 -73.9107 40.7641   5   0   0
101 -73.9486 40.7552   0   3   0
102 -74.0037 40.7435   2   0   7
103 -73.9814 40.7274   4   0   3
104 -73.9497 40.7811   2   0   0
105 -73.9660 40.6832   8   0   2
106 -73.9985 40.7323   2   0   3
107 -73.9540 40.6822   5   0   0
108 -74.0095 40.6778   3   0   2
109 -73.9970 40.7141   8   0   1
110 -73.9980 40.7353   0   3   1
111 -73.9524 40.6953   0   2   5
112 -73.9689 40.6894   2   0   2
113 -73.9946 40.7397   0   1   3
114 -73.9410 40.7125   6   0   0
115 -74.0625 40.7337   0   1   1
116 -73.9580 40.7071   0   3   1
117 -73.9619 40.7953  10   0   1
118 -74.0065 40.6770   3   0   0
119 -73.9904 40.6786   0   9   0
120 -73.9671 40.6740   0   1   1
121 -73.9790 40.6831   7   0   7
122 -73.9754 40.7414   7   0   5
123 -73.9660 40.7580   4   0   0
124 -73.9997 40.7191   0   1   1
125 -73.9991 40.7305   0   5   2
126 -73.9510 40.7088   6   0   1
127 -73.9373 40.7969   3   0   1
128 -73.9682 40.8021  11   0   0
129 -73.9343 40.7549   0   1   0
130 -73.9498 40.7054   4   0   2
131 -73.9448 40.7989   7   0   0
132 -73.9208 40.7632   7   0   0
133 -73.9535 40.7449   4   0   2
134 -74.0113 40.7277   0   1   6
135 -74.0025 40.7194  10   0   1
136 -73.9513 40.6907   5   0   1
137 -73.9479 40.7519   6   0   0
138 -73.9348 40.7668   3   0   0
139 -73.9995 40.7236   0   4   3
140 -74.0507 40.7242   0   3   0
141 -73.9768 40.7394   4   0   2
142 -73.9678 40.7521   0   4   2
143 -73.9909 40.7502   0   6   1
144 -73.9687 40.7590   5   0   5
145 -74.0112 40.6790   0   2   0
146 -73.9743 40.6854   0   2   1
147 -73.9953 40.7449   0   2   1
148 -74.0442 40.7276   0   2   1
149 -74.0021 40.7559  13   0   2
150 -73.9972 40.7221  10   0   1
151 -74.0147 40.6758   1   0   1
152 -73.9433 40.7472   8   0   0
153 -73.9531 40.8097   0   1   0
154 -73.9432 40.7933   6   0   1
155 -74.0077 40.7219   0   3   1
156 -73.9818 40.7193   0   2   5
157 -73.9379 40.8029   7   0   0
158 -73.9729 40.7902   0   3   1
159 -73.9838 40.7262   1   0   2
160 -73.9770 40.7931   0   2   0
161 -73.9933 40.6725   0   4   0
162 -73.9495 40.6954   6   0   1
163 -73.9785 40.6765   0   8   0
164 -73.9973 40.7424   3   0   0
165 -73.9871 40.7284   0  11   2
166 -73.9826 40.7162   2   0   5
167 -73.9999 40.7378   0   1   1
168 -73.9468 40.7725   3   0   1
169 -73.9504 40.7218   6   0   3
170 -73.9397 40.7527   0   1   0
171 -73.9520 40.7161   0   3   1
172 -74.0081 40.7393   0   7   2
173 -73.9479 40.6901   5   0   1
174 -73.9473 40.7452   0   1   1
175 -73.9934 40.6976   0   9   1
176 -73.9312 40.7975   0   3   1
177 -73.9363 40.7946   0   6   1
178 -74.0456 40.7253   1   0   0
179 -73.9222 40.7603   4   0   1
180 -73.9499 40.7728   0   5   1
181 -73.9833 40.7185   9   0   0
182 -73.9658 40.6770   2   0   0
183 -73.9802 40.7174   0   7   3
184 -73.9805 40.7338   0  15   5
185 -73.9532 40.8025   4   0   3
186 -73.9575 40.7858  13   0   0
187 -73.9449 40.7170   1   0   0
188 -73.9779 40.7208   0   7   7
189 -73.9365 40.7639   1   0   0
190 -73.9951 40.7333   2   0   2
191 -73.9430 40.8030   0   1   1
192 -73.9609 40.7612   5   0   2
193 -73.9774 40.7382   0   3   2
194 -73.9760 40.7489  16   0   1
195 -73.9588 40.6792   1   0   1
196 -74.0003 40.7352   6   0   2
197 -73.9708 40.6980   0   2   2
198 -73.9763 40.7659  15   0   1
199 -74.0254 40.6851   0   2   0
200 -73.9949 40.7314   4   0   3
201 -73.9919 40.7211   3   0  10
202 -73.9535 40.7714   6   0   1
203 -73.9514 40.7117   3   0   1
204 -73.9580 40.6945   0   3   1
205 -73.9918 40.6910   4   0   1
206 -73.9489 40.7425   0   3   0
207 -73.9548 40.7208   3   0   0
208 -74.0002 40.7112   5   0   0
209 -73.9866 40.7551   0   2   0
210 -74.0463 40.7215   0   1   0
211 -73.9354 40.7447   3   0   0
212 -73.9414 40.6789   0   1   1
213 -74.0086 40.6812   1   0   1
214 -73.9500 40.6810   0   1   7
215 -73.9380 40.6826   0   4   2
216 -73.9335 40.7519   0   1   1
217 -73.9752 40.6751   8   0   0
218 -73.9790 40.7771   0   4   0
219 -73.9997 40.7160   8   0   1
220 -73.9596 40.6765   0   2   0
221 -74.0075 40.7428  14   0   0
222 -73.9584 40.7688   6   0   2
223 -73.9894 40.7026   0   4   1
224 -73.9721 40.7571   0   1   3
225 -74.0091 40.7163   0   1   0
226 -74.0047 40.7243   5   0   5
227 -73.9820 40.6662   5   0   0
228 -73.9306 40.7611   0   1   0
229 -74.0836 40.7182   0   1   0
230 -73.9575 40.6906   2   0   4
231 -73.9785 40.6796   3   0   1
232 -73.9437 40.7892   8   0   0
233 -73.9478 40.7962   2   0   0
234 -73.9767 40.7852  11   0   0
235 -74.0510 40.7194   1   0   0
236 -73.9477 40.6804   0   2   2
237 -73.9351 40.7138   0   2   0
238 -73.9904 40.6686   0   3   1
239 -73.9835 40.6728   0   9   0
240 -74.0381 40.7211   0   2   0
241 -73.9934 40.6954   0   5   0
242 -73.9459 40.7505   0   4   1
243 -74.0789 40.7111   0   1   0
244 -73.9711 40.6750   0   1   1
245 -73.9443 40.8015   5   0   1
246 -73.9559 40.8039   0   8   1
247 -73.9952 40.6882   0   7   1
248 -73.9890 40.6663   0   1   0
249 -73.9819 40.7245   3   0   3
250 -73.9617 40.7204   6   0   2
251 -73.9363 40.7602   0   1   0
