####################################################################################################
#    Instance of "NYC_3_060" is randomly generated from "citybike.csv".
#    NOTE:
#        (1) The first 3 lines is the location of depots.
#        (2) The position code type has two option:
#            0. GEO: longtitude-latitude coordinate
#            1. XY: Cartesian coordinate
#        (3) Each data record has six data fields as follwed:
#            #ID, #LATITUDE, #LONGTITUDE, #DELIVERY_DEMAND, #PICKUP_DEMAND, #OBSOLETE_DEMAND
####################################################################################################

COORD=0
DEPOT_NUM=3
STATION_NUM=60
VEHICLE_NUM=20

0   -74.0082 40.7267   0   0   0
1   -73.9655 40.6947   0   0   0
2   -73.9558 40.7764   0   0   0
3   -74.0051 40.7394   0   4   2
4   -73.9918 40.6910   4   0   1
5   -73.9607 40.7781   6   0   2
6   -73.9697 40.6876   1   0   2
7   -73.9768 40.7394   4   0   2
8   -73.9795 40.7122   2   0   5
9   -73.9519 40.8114   0   2   3
10  -74.0102 40.7129   1   0   0
11  -73.9647 40.6805   0   3   0
12  -74.0342 40.7193   4   0   0
13  -73.9479 40.7519   6   0   0
14  -74.0097 40.7241   4   0   1
15  -73.9551 40.7323   7   0   4
16  -73.9437 40.7892   8   0   0
17  -73.9671 40.6740   0   1   1
18  -74.0076 40.6747   0   8   0
19  -73.9942 40.7158   6   0   1
20  -73.9763 40.6838  18   0   1
21  -73.9877 40.7028   7   0   0
22  -74.0000 40.7435  11   0   7
23  -73.9432 40.7933   6   0   1
24  -73.9339 40.7062   2   0   0
25  -73.9703 40.7532   6   0   1
26  -74.0091 40.7163   0   1   0
27  -73.9955 40.7004   0   3   1
28  -73.9711 40.8013   0   2   1
29  -73.9678 40.7521   0   4   2
30  -74.0389 40.7184   3   0   1
31  -73.9348 40.7668   3   0   0
32  -74.0019 40.6743   0   4   0
33  -73.9417 40.8070   4   0   2
34  -73.9556 40.6776   0   4   1
35  -73.9632 40.6737   4   0   0
36  -73.9659 40.7129   0   3   1
37  -73.9966 40.7271   0   5   3
38  -73.9471 40.6996   5   0   1
39  -73.9785 40.6796   3   0   1
40  -73.9376 40.6968   0   3   1
41  -73.9600 40.7318   0   4   0
42  -73.9997 40.7160   8   0   1
43  -73.9520 40.7161   0   3   1
44  -73.9719 40.7546  18   0   0
45  -73.9871 40.7284   0  11   2
46  -73.9557 40.7241   0   1   0
47  -73.9433 40.7472   8   0   0
48  -73.9947 40.7506   0   2   1
49  -73.9880 40.7172   0   2   9
50  -73.9449 40.7170   1   0   0
51  -74.0715 40.7221   2   0   0
52  -73.9658 40.6770   2   0   0
53  -73.9980 40.7353   0   3   1
54  -73.9784 40.6704   5   0   0
55  -73.9449 40.7087   0   4   5
56  -74.0113 40.7277   0   1   6
57  -73.9914 40.7440   0   6   1
58  -73.9771 40.7868   3   0   1
59  -73.9828 40.6773   0   7   1
60  -73.9349 40.6815   0   2   2
61  -74.0711 40.7276   3   0   0
62  -73.9880 40.7354   8   0   0
