####################################################################################################
#    Instance of "NYC_1_100" is randomly generated from "citybike.csv.csv".
#    NOTE:
#        (1) The first 1 lines is the location of depots.
#        (2) The position code type has two option:
#            0. GEO: longtitude-latitude coordinate
#            1. XY: Cartesian coordinate
#        (3) Each data record has six data fields as follwed:
#            #ID, #LATITUDE, #LONGTITUDE, #DELIVERY_DEMAND, #PICKUP_DEMAND, #OBSOLETE_DEMAND
####################################################################################################

COORD=0
DEPOT_NUM=1
STATION_NUM=100
VEHICLE_NUM=20

0   -73.9745 40.7286   0   0   0
1   -73.9137 40.7656   0   2   1
2   -73.9947 40.7506   3   0   1
3   -73.9826 40.7022   0   4   0
4   -73.9265 40.7658   8   0   1
5   -73.9888 40.6705   3   0   1
6   -73.9938 40.7028  11   0   0
7   -73.9807 40.7297   2   0   3
8   -73.9540 40.6822   5   0   0
9   -73.9602 40.6890   0   6   5
10  -73.9767 40.7852   0   4   0
11  -73.9489 40.7192   8   0   2
12  -73.9545 40.7473   0   5   0
13  -73.9898 40.6726   0   6   1
14  -73.9891 40.6893   5   0   1
15  -73.9843 40.6802   0   1   1
16  -73.9939 40.7516   8   0   2
17  -73.9757 40.7331   0  10   0
18  -73.9973 40.7424   0   2   0
19  -74.0136 40.7046   1   0   4
20  -73.9371 40.6924   0   1   3
21  -73.9719 40.7938  13   0   0
22  -74.0113 40.7277   0   2   6
23  -73.9615 40.6822   6   0   8
24  -73.9708 40.6980   0   2   2
25  -73.9840 40.6638   3   0   1
26  -73.9643 40.7763  12   0   2
27  -74.0089 40.7072  12   0   2
28  -73.9562 40.7261   0  11   1
29  -73.9309 40.7740   0   1   0
30  -74.0093 40.7047   0   3   5
31  -73.9468 40.7725   3   0   1
32  -73.9521 40.7497   0   6   1
33  -74.0625 40.7337   0   1   1
34  -73.9880 40.7172   0   5   9
35  -73.9575 40.7858  14   0   0
36  -73.9327 40.7572  11   0   0
37  -73.9606 40.7699   0   2   0
38  -73.9406 40.7032   2   0  11
39  -74.0789 40.7111   0   2   0
40  -73.9880 40.7705   0  23   1
41  -73.9521 40.7881   8   0   0
42  -74.0102 40.7129   2   0   0
43  -73.9737 40.6918   1   0   8
44  -73.9915 40.7223   3   0   4
45  -74.0377 40.7152   0   3   0
46  -73.9805 40.7338   2   0   5
47  -73.9852 40.7637   6   0   2
48  -73.9934 40.6924   7   0   1
49  -73.9718 40.6931   0   4   0
50  -73.9885 40.7490   0   9   2
51  -73.9627 40.7591   9   0   0
52  -73.9478 40.8095   4   0   7
53  -73.9379 40.8029   7   0   0
54  -73.9742 40.7258   3   0   1
55  -73.9979 40.6831   5   0   1
56  -73.9985 40.7323   0   4   3
57  -74.0055 40.7115   3   0   0
58  -73.9586 40.7731   9   0   0
59  -73.9682 40.8021   0   1   0
60  -74.0463 40.7215   0   1   0
61  -73.9416 40.7870   0   3   0
62  -73.9539 40.6631   0   4   1
63  -73.9892 40.7429  21   0   1
64  -73.9924 40.7373  17   0   0
65  -73.9810 40.6899   0   3   5
66  -73.9856 40.7278   0  13   1
67  -73.9432 40.7933   7   0   1
68  -73.9414 40.6789   0   2   1
69  -73.9942 40.7158   7   0   1
70  -73.9938 40.6864   0   5   0
71  -73.9606 40.6664   2   0   2
72  -73.9819 40.7245   4   0   3
73  -73.9441 40.6824   0   2   0
74  -73.9528 40.7356   4   0   1
75  -73.9988 40.7603   0  10   1
76  -73.9524 40.7192   6   0   0
77  -73.9697 40.6876   2   0   2
78  -73.9216 40.7569   9   0   1
79  -73.9865 40.6770   0   6   0
80  -73.9440 40.7119   0   2   1
81  -73.9479 40.6901   0   2   1
82  -73.9421 40.6895   3   0   1
83  -73.9262 40.6978   5   0   1
84  -74.0023 40.7149   5   0   1
85  -73.9577 40.7711  11   0   0
86  -74.0030 40.7497  10   0   4
87  -74.0025 40.7194   9   0   1
88  -73.9471 40.6996   6   0   1
89  -73.9503 40.7905   5   0   1
90  -73.9397 40.8046   0   3   1
91  -73.9995 40.7236   0  10   3
92  -73.9833 40.7185   0   5   0
93  -73.9417 40.8070   0   2   2
94  -73.9374 40.7672   0   4   0
95  -73.9443 40.8015   0   1   1
96  -74.0120 40.6736   0   8   0
97  -73.9238 40.7020   6   0   0
98  -74.0504 40.7260   1   0   0
99  -73.9934 40.6976   1   0   1
100 -74.0024 40.6859   0   7   0
