####################################################################################################
#    Instance of "NYC_4_100" is randomly generated from "citybike.csv".
#    NOTE:
#        (1) The first 4 lines is the location of depots.
#        (2) The position code type has two option:
#            0. GEO: longtitude-latitude coordinate
#            1. XY: Cartesian coordinate
#        (3) Each data record has six data fields as follwed:
#            #ID, #LATITUDE, #LONGTITUDE, #DELIVERY_DEMAND, #PICKUP_DEMAND, #OBSOLETE_DEMAND
####################################################################################################

COORD=0
DEPOT_NUM=4
STATION_NUM=100
VEHICLE_NUM=20

0   -73.9925 40.7315   0   0   0
1   -73.9545 40.7836   0   0   0
2   -73.9685 40.6909   0   0   0
3   -74.0654 40.7281   0   0   0
4   -74.0078 40.7467   0   1   1
5   -73.9821 40.7359   7   0   1
6   -73.9938 40.7590   1   0   1
7   -73.9585 40.7175   0   1   3
8   -73.9772 40.7903   0   1   0
9   -74.0016 40.6876   0   2   0
10  -73.9379 40.8029   7   0   0
11  -73.9445 40.7151   0   1   0
12  -73.9632 40.7169   2   0   2
13  -73.9634 40.8109   0   1   0
14  -73.9866 40.7551   0   2   0
15  -73.9964 40.7380  17   0   0
16  -73.9813 40.7872   4   0   1
17  -73.9397 40.7527   0   1   0
18  -73.9799 40.7522   0   1   2
19  -73.9795 40.6611   0   7   2
20  -74.0052 40.7514   0   3   2
21  -73.9752 40.6793   3   0   0
22  -74.0025 40.7194  10   0   1
23  -73.9870 40.7156   0   4   0
24  -74.0032 40.6764   0   2   0
25  -73.9847 40.7362   0   3   1
26  -73.9513 40.6907   5   0   1
27  -73.9575 40.7858  13   0   0
28  -73.9441 40.6824   0   4   0
29  -73.9818 40.7193   0   2   5
30  -73.9848 40.7131   3   0   2
31  -73.9660 40.6832   8   0   2
32  -73.9933 40.6725   0   4   0
33  -73.9225 40.7775   0   4   0
34  -73.9482 40.7041   4   0   1
35  -73.9556 40.6776   0   4   1
36  -74.0104 40.7091   5   0   2
37  -73.9970 40.7141   8   0   1
38  -73.9966 40.7271   0   5   3
39  -73.9560 40.7814   6   0   0
40  -73.9849 40.7477   5   0   1
41  -73.9568 40.7757   6   0   0
42  -73.9737 40.7644  17   0   2
43  -74.0022 40.7502   0   8   4
44  -73.9501 40.8012   2   0   1
45  -74.0076 40.6747   0   8   0
46  -73.9582 40.7650   8   0   3
47  -73.9709 40.6730   0   3   1
48  -73.9300 40.7030   0   2   0
49  -74.0789 40.7111   0   1   0
50  -73.9687 40.7590   5   0   5
51  -73.9718 40.6931   0   5   0
52  -73.9619 40.7953  10   0   1
53  -74.0669 40.7377   0   3   0
54  -73.9421 40.6895   4   0   1
55  -73.9622 40.6936   1   0   2
56  -73.9396 40.7893   0   2   0
57  -73.9437 40.7892   8   0   0
58  -74.0504 40.7348   5   0   0
59  -73.9482 40.7164   2   0   2
60  -73.9570 40.7129   0   4   1
61  -73.9863 40.6924   0   1   1
62  -73.9836 40.7841   5   0   1
63  -73.9997 40.7160   8   0   1
64  -73.9321 40.7596   8   0   0
65  -73.9985 40.7323   2   0   3
66  -74.0113 40.7277   0   1   6
67  -73.9795 40.7122   2   0   5
68  -74.0017 40.7079   0   5   0
69  -74.0024 40.6859   0   6   0
70  -73.9960 40.7188   9   0   2
71  -73.9728 40.7526   8   0   0
72  -73.9742 40.7258   0   5   1
73  -73.9948 40.6806  11   0   0
74  -73.9480 40.7754   7   0   1
75  -73.9909 40.7502   0   6   1
76  -73.9488 40.7783   0  10   3
77  -74.0595 40.7350   0   3   1
78  -73.9475 40.7248   0   3   1
79  -73.9770 40.6933   0   2   3
80  -73.9894 40.7026   0   4   1
81  -73.9788 40.7476   0   1   0
82  -74.0105 40.7175   0   3   2
83  -73.9869 40.7342   2   0   1
84  -73.9877 40.7510   3   0   0
85  -73.9349 40.6815   0   2   2
86  -73.9416 40.7870   0   9   0
87  -73.9871 40.7284   0  11   2
88  -73.9777 40.7519  13   0   1
89  -73.9940 40.7108   3   0   3
90  -73.9690 40.6767   0   5   2
91  -73.9740 40.7306   9   0   1
92  -74.0715 40.7221   2   0   0
93  -73.9398 40.8013  10   0   0
94  -73.9654 40.6920   0   5   1
95  -73.9588 40.6679   0   2   2
96  -73.9547 40.8052   7   0   1
97  -74.0065 40.7096   6   0   0
98  -73.9974 40.7547   0   2   0
99  -73.9920 40.6902   5   0   3
100 -74.0050 40.7083   0   4   1
101 -73.9771 40.7429   3   0   5
102 -73.9704 40.7882   0   1   0
103 -74.0168 40.7057   2   0   6
