####################################################################################################
#    Instance of "NYC_6_060" is randomly generated from "citybike.csv".
#    NOTE:
#        (1) The first 6 lines is the location of depots.
#        (2) The position code type has two option:
#            0. GEO: longtitude-latitude coordinate
#            1. XY: Cartesian coordinate
#        (3) Each data record has six data fields as follwed:
#            #ID, #LATITUDE, #LONGTITUDE, #DELIVERY_DEMAND, #PICKUP_DEMAND, #OBSOLETE_DEMAND
####################################################################################################

COORD=0
DEPOT_NUM=6
STATION_NUM=60
VEHICLE_NUM=20

0   -73.9463 40.7037   0   0   0
1   -73.9533 40.7890   0   0   0
2   -73.9883 40.7388   0   0   0
3   -73.9275 40.7582   0   0   0
4   -73.9908 40.6859   0   0   0
5   -74.0544 40.7313   0   0   0
6   -73.9795 40.7275   0  13   4
7   -73.9582 40.7650   8   0   3
8   -74.0065 40.7096   6   0   0
9   -73.9848 40.7131   3   0   2
10  -73.9323 40.7682   0   1   0
11  -73.9143 40.7596   5   0   1
12  -73.9449 40.7087   0   4   5
13  -73.9870 40.6686   0   4   0
14  -73.9215 40.7056   0   2   0
15  -73.9166 40.7577   0   2   0
16  -73.9420 40.8005   9   0   0
17  -73.9979 40.7566   0   5   0
18  -74.0595 40.7350   0   3   1
19  -73.9855 40.6663   0   2   3
20  -73.9477 40.6804   0   2   2
21  -73.9711 40.8013   0   2   1
22  -73.9860 40.7410   9   0   0
23  -73.9480 40.7754   7   0   1
24  -73.9752 40.6751   8   0   0
25  -73.9464 40.7058   1   0   1
26  -73.9574 40.8103   0   1   1
27  -73.9607 40.7781   6   0   2
28  -73.9363 40.7946   0   6   1
29  -74.0438 40.7177   5   0   3
30  -73.9622 40.7738   0   1   1
31  -74.0112 40.6790   0   2   0
32  -73.9838 40.7262   1   0   2
33  -74.0003 40.7322   0   1   1
34  -73.9587 40.7356   0   6   2
35  -73.9385 40.6800   0   1   0
36  -73.9875 40.7383  13   0   0
37  -73.9845 40.7607  10   0   3
38  -73.9906 40.6867   2   0   1
39  -74.0642 40.7237   1   0   0
40  -73.9763 40.7178   0   3   0
41  -73.9713 40.6957   0   3   0
42  -74.0136 40.7046   1   0   4
43  -73.9478 40.7962   2   0   0
44  -73.9471 40.7104   0   5   0
45  -74.0022 40.7502   0   8   4
46  -73.9592 40.7225   0   4   4
47  -73.9222 40.7603   4   0   1
48  -73.9767 40.6869   0   6   2
49  -73.9514 40.7117   3   0   1
50  -73.9947 40.7506   0   2   1
51  -74.0067 40.7317   2   0   1
52  -73.9498 40.7471   2   0   2
53  -74.0518 40.7427   0   3   1
54  -73.9521 40.7231   0   6   1
55  -73.9471 40.6996   5   0   1
56  -73.9296 40.7565  11   0   0
57  -73.9905 40.7715   1   0   0
58  -73.9396 40.7893   0   2   0
59  -73.9349 40.8007   4   0   1
60  -73.9797 40.7439   2   0   2
61  -73.9538 40.6933   0   4   0
62  -73.9770 40.7931   0   2   0
63  -73.9577 40.7786   8   0   0
64  -74.0525 40.7376   0   3   2
65  -73.9995 40.7236   0   4   3
