####################################################################################################
#    Instance of "NYC_3_030" is randomly generated from "citybike.csv".
#    NOTE:
#        (1) The first 3 lines is the location of depots.
#        (2) The position code type has two option:
#            0. GEO: longtitude-latitude coordinate
#            1. XY: Cartesian coordinate
#        (3) Each data record has six data fields as follwed:
#            #ID, #LATITUDE, #LONGTITUDE, #DELIVERY_DEMAND, #PICKUP_DEMAND, #OBSOLETE_DEMAND
####################################################################################################

COORD=0
DEPOT_NUM=3
STATION_NUM=30
VEHICLE_NUM=20

0   -73.9798 40.6829   0   0   0
1   -73.9918 40.7379   0   0   0
2   -73.9472 40.7789   0   0   0
3   -73.9349 40.8007   4   0   1
4   -73.9872 40.6846   0   4   1
5   -73.9459 40.7505   0   4   1
6   -73.9660 40.6832   8   0   2
7   -73.9979 40.6831   0   4   1
8   -73.9531 40.8097   0   1   0
9   -73.9745 40.7432   0   5   2
10  -73.9323 40.7682   0   1   0
11  -73.9900 40.7564   0  17   5
12  -74.0595 40.7350   0   3   1
13  -74.0113 40.7277   0   1   6
14  -73.9557 40.7241   0   1   0
15  -73.9757 40.7331   0   9   0
16  -74.0101 40.6753   3   0   0
17  -74.0077 40.7219   0   3   1
18  -73.9886 40.7683   0   5   0
19  -73.9712 40.7442   6   0   2
20  -73.9919 40.7117   0   6   6
21  -73.9973 40.7424   3   0   0
22  -73.9719 40.7546  18   0   0
23  -73.9948 40.6806  11   0   0
24  -73.9938 40.7028   0   3   0
25  -73.9479 40.7519   6   0   0
26  -73.9479 40.6901   5   0   1
27  -73.9385 40.6800   0   1   0
28  -73.9875 40.7383  13   0   0
29  -73.9820 40.6662   5   0   0
30  -73.9552 40.8100   0   2   0
31  -74.0021 40.7304   0   4   4
32  -73.9609 40.7612   5   0   2
