####################################################################################################
#    Instance of "NYC_5_030" is randomly generated from "citybike.csv".
#    NOTE:
#        (1) The first 5 lines is the location of depots.
#        (2) The position code type has two option:
#            0. GEO: longtitude-latitude coordinate
#            1. XY: Cartesian coordinate
#        (3) Each data record has six data fields as follwed:
#            #ID, #LATITUDE, #LONGTITUDE, #DELIVERY_DEMAND, #PICKUP_DEMAND, #OBSOLETE_DEMAND
####################################################################################################

COORD=0
DEPOT_NUM=5
STATION_NUM=30
VEHICLE_NUM=20

0   -73.9792 40.6790   0   0   0
1   -73.9966 40.7335   0   0   0
2   -73.9671 40.7206   0   0   0
3   -73.9394 40.7921   0   0   0
4   -73.9686 40.7739   0   0   0
5   -73.9350 40.7975   3   0   0
6   -73.9889 40.7322   2   0   0
7   -73.9995 40.7236   0   4   3
8   -73.9672 40.7610   0   1   0
9   -73.9992 40.7448   0  12   1
10  -73.9890 40.6663   0   1   0
11  -73.9641 40.7085   6   0   4
12  -73.9665 40.7644   0   4   1
13  -73.9933 40.6685   0   6   0
14  -73.9477 40.6804   0   2   2
15  -73.9478 40.8095   0   4   7
16  -73.9787 40.6741   0   5   1
17  -73.9817 40.7322   7   0   0
18  -73.9813 40.7872   4   0   1
19  -73.9355 40.7692   0   3   0
20  -73.9934 40.6954   0   5   0
21  -73.9800 40.7230   7   0   2
22  -73.9709 40.6730   0   3   1
23  -73.9915 40.7223   0   2   4
24  -73.9552 40.7182   0   1   2
25  -73.9779 40.7208   0   7   7
26  -73.9830 40.6896   5   0   2
27  -74.0045 40.7469   9   0   1
28  -73.9901 40.7370  20   0   2
29  -74.0037 40.7435   2   0   7
30  -73.9779 40.6851   5   0   3
31  -74.0081 40.7393   0   7   2
32  -73.9583 40.7327   3   0   1
33  -73.9594 40.7831  14   0   0
34  -73.9985 40.7131   4   0   0
