####################################################################################################
#    Instance of "NYC_2_060" is randomly generated from "citybike.csv".
#    NOTE:
#        (1) The first 2 lines is the location of depots.
#        (2) The position code type has two option:
#            0. GEO: longtitude-latitude coordinate
#            1. XY: Cartesian coordinate
#        (3) Each data record has six data fields as follwed:
#            #ID, #LATITUDE, #LONGTITUDE, #DELIVERY_DEMAND, #PICKUP_DEMAND, #OBSOLETE_DEMAND
####################################################################################################

COORD=0
DEPOT_NUM=2
STATION_NUM=60
VEHICLE_NUM=20

0   -73.9648 40.7751   0   0   0
1   -73.9863 40.7018   0   0   0
2   -74.0836 40.7182   0   1   0
3   -73.9772 40.7903   0   1   0
4   -74.0171 40.7083   0   4   1
5   -73.9870 40.6686   0   4   0
6   -73.9659 40.7546   0   4   0
7   -73.9430 40.8030   0   1   1
8   -73.9535 40.7714   6   0   1
9   -73.9414 40.6789   0   1   1
10  -73.9491 40.8026   0   1   1
11  -73.9830 40.6854   1   0   1
12  -73.9590 40.8143   8   0   3
13  -73.9237 40.7072   0   1   0
14  -73.9399 40.6934   4   0   2
15  -74.0120 40.6736   1   0   0
16  -73.9847 40.7362   0   3   1
17  -73.9524 40.7192   7   0   0
18  -73.9886 40.7683   0   5   0
19  -73.9967 40.7634   2   0   0
20  -74.0067 40.7036   2   0   2
21  -73.9371 40.6924   4   0   3
22  -73.9582 40.7650   8   0   3
23  -74.0094 40.7111   8   0   0
24  -73.9253 40.7054   0   2   0
25  -73.9779 40.6851   5   0   3
26  -73.9609 40.6722   0   2   0
27  -73.9836 40.7841   5   0   1
28  -74.0030 40.7497   0   1   4
29  -73.9690 40.6767   0   5   2
30  -74.0001 40.6784   5   0   1
31  -73.9914 40.7547   0  12   5
32  -73.9348 40.7668   3   0   0
33  -73.9653 40.7104   4   0   1
34  -73.9356 40.7430   3   0   2
35  -73.9843 40.6802   5   0   1
36  -73.9660 40.6832   8   0   2
37  -73.9535 40.7666   0   3   0
38  -73.9784 40.6704   5   0   0
39  -73.9999 40.7378   0   1   1
40  -74.0112 40.6790   0   2   0
41  -73.9592 40.7225   0   4   4
42  -73.9416 40.7955   3   0   0
43  -73.9714 40.7828   2   0   0
44  -73.9830 40.6896   5   0   2
45  -73.9942 40.7158   6   0   1
46  -74.0105 40.7175   0   3   2
47  -73.9577 40.7786   8   0   0
48  -73.9919 40.7161   8   0   2
49  -73.9560 40.7814   6   0   0
50  -73.9879 40.7623   0   1   3
51  -73.9813 40.7872   4   0   1
52  -73.9985 40.7323   2   0   3
53  -74.0460 40.7233   4   0   0
54  -73.9916 40.7492   0   2   3
55  -73.9942 40.7417  12   0   2
56  -73.9460 40.7920   3   0   8
57  -74.0254 40.6851   0   2   0
58  -73.9889 40.7322   2   0   0
59  -74.0071 40.7329   0   5   3
60  -73.9908 40.6820   1   0   2
61  -73.9276 40.7767   0   2   1
