####################################################################################################
#    Instance of "NYC_1_030" is randomly generated from "citybike.csv.csv".
#    NOTE:
#        (1) The first 1 lines is the location of depots.
#        (2) The position code type has two option:
#            0. GEO: longtitude-latitude coordinate
#            1. XY: Cartesian coordinate
#        (3) Each data record has six data fields as follwed:
#            #ID, #LATITUDE, #LONGTITUDE, #DELIVERY_DEMAND, #PICKUP_DEMAND, #OBSOLETE_DEMAND
####################################################################################################

COORD=0
DEPOT_NUM=1
STATION_NUM=30
VEHICLE_NUM=20

0   -73.9689 40.7366   0   0   0
1   -73.9939 40.7466   0   1   3
2   -73.9621 40.7998   0   1   0
3   -73.9169 40.7613   0   1   3
4   -73.9719 40.7546   0   2   0
5   -74.0404 40.7487   2   0   0
6   -73.9617 40.7204   0  10   2
7   -73.9592 40.7591  12   0   0
8   -73.9910 40.7302  20   0   3
9   -73.9818 40.7193   0   3   5
10  -73.9784 40.6704   0   2   0
11  -73.9901 40.7370   8   0   2
12  -74.0105 40.7175   2   0   2
13  -73.9373 40.7413   0   2   0
14  -73.9363 40.7602   4   0   0
15  -73.9299 40.6794   2   0   1
16  -73.9826 40.7022   0   4   0
17  -73.9830 40.7444  10   0   0
18  -73.9349 40.8007   0   3   1
19  -73.9807 40.6984   2   0   3
20  -73.9750 40.7551   9   0   0
21  -73.9489 40.7192   8   0   2
22  -74.0028 40.7609   7   0   4
23  -73.9641 40.7085   5   0   4
24  -73.9107 40.7641   0   2   0
25  -74.0000 40.6917   2   0   3
26  -73.9468 40.7725   3   0   1
27  -73.9437 40.7892   6   0   0
28  -73.9863 40.7207   0  10   1
29  -73.9671 40.6740   0   3   1
30  -73.9777 40.7519  20   0   1
