####################################################################################################
#    Instance of "NYC_6_250" is randomly generated from "citybike.csv".
#    NOTE:
#        (1) The first 6 lines is the location of depots.
#        (2) The position code type has two option:
#            0. GEO: longtitude-latitude coordinate
#            1. XY: Cartesian coordinate
#        (3) Each data record has six data fields as follwed:
#            #ID, #LATITUDE, #LONGTITUDE, #DELIVERY_DEMAND, #PICKUP_DEMAND, #OBSOLETE_DEMAND
####################################################################################################

COORD=0
DEPOT_NUM=6
STATION_NUM=250
VEHICLE_NUM=20

0   -73.9500 40.7023   0   0   0
1   -73.9865 40.7429   0   0   0
2   -73.9847 40.6828   0   0   0
3   -74.0257 40.7147   0   0   0
4   -73.9436 40.7626   0   0   0
5   -73.9601 40.7972   0   0   0
6   -73.9712 40.7502   5   0   1
7   -73.9475 40.7248   0   3   1
8   -73.9556 40.7995   3   0   2
9   -73.9587 40.7356   0   6   2
10  -74.0342 40.7193   4   0   0
11  -73.9622 40.7671   0   1   0
12  -73.9459 40.7505   0   4   1
13  -73.9885 40.7490   0  10   2
14  -73.9552 40.8100   0   2   0
15  -74.0086 40.7362   0   7   6
16  -73.9821 40.7359   7   0   1
17  -73.9586 40.7731   7   0   0
18  -73.9704 40.7974   0   3   0
19  -73.9757 40.7237   0   4   2
20  -74.0020 40.7455   0  12   5
21  -73.9920 40.6902   5   0   3
22  -74.0016 40.6876   0   2   0
23  -74.0136 40.7046   1   0   4
24  -73.9402 40.7077  11   0   2
25  -73.9981 40.7292   0   4   1
26  -73.9781 40.7365   4   0   1
27  -73.9535 40.7714   6   0   1
28  -73.9689 40.6894   2   0   2
29  -73.9791 40.7667  14   0   0
30  -73.9869 40.7658   6   0   2
31  -73.9826 40.7567   7   0   1
32  -73.9543 40.7748   9   0   0
33  -73.9900 40.7202   0   6   5
34  -73.9763 40.6838  18   0   1
35  -73.9933 40.6725   0   4   0
36  -73.9670 40.8042   4   0   0
37  -73.9774 40.7382   0   3   2
38  -73.9339 40.7062   2   0   0
39  -73.9565 40.6742   0   2   0
40  -73.9843 40.7295   0  14   0
41  -73.9938 40.6864   3   0   0
42  -73.9380 40.6826   0   4   2
43  -74.0168 40.7057   2   0   6
44  -73.9939 40.7466   6   0   3
45  -74.0057 40.7224   0   7   0
46  -73.9777 40.7519  13   0   1
47  -73.9660 40.7580   4   0   0
48  -74.0132 40.7175   0   2   4
49  -74.0500 40.7216   0   3   0
50  -74.0079 40.6794   2   0   0
51  -73.9876 40.6864   2   0   0
52  -73.9588 40.6792   1   0   1
53  -73.9498 40.7471   2   0   2
54  -73.9886 40.7462   9   0   1
55  -73.9523 40.7988   0   1   1
56  -73.9778 40.7734   3   0   1
57  -73.9489 40.7192   0   1   2
58  -73.9966 40.7271   0   5   3
59  -73.9829 40.7775   4   0   0
60  -73.9355 40.7692   0   3   0
61  -73.9535 40.7666   0   3   0
62  -73.9960 40.7243   8   0   0
63  -73.9411 40.7614   0   4   0
64  -73.9750 40.7551   0   9   0
65  -73.9590 40.8143   8   0   3
66  -73.9552 40.7182   0   1   2
67  -74.0139 40.7019   6   0   0
68  -73.9836 40.6947   0   6   7
69  -73.9634 40.8109   0   1   0
70  -73.9914 40.7440   0   6   1
71  -73.9710 40.7053   1   0   0
72  -73.9979 40.7566   0   5   0
73  -73.9737 40.6978   0   1   1
74  -73.9800 40.7230   7   0   2
75  -74.0017 40.7079   0   5   0
76  -73.9551 40.7776   0   1   0
77  -74.0000 40.7435  11   0   7
78  -73.9486 40.7552   0   3   0
79  -73.9504 40.7218   6   0   3
80  -73.9519 40.8114   0   2   3
81  -73.9847 40.7747   6   0   0
82  -74.0035 40.6830   3   0   0
83  -73.9430 40.8030   0   1   1
84  -73.9799 40.7522   0   1   2
85  -73.9858 40.7231   3   0   7
86  -73.9869 40.7342   2   0   1
87  -73.9574 40.7147   3   0   0
88  -74.0438 40.7177   5   0   3
89  -73.9513 40.6907   5   0   1
90  -73.9689 40.6933   0  12   1
91  -73.9712 40.7442   6   0   2
92  -73.9283 40.7000   3   0   0
93  -73.9699 40.6979   3   0   1
94  -74.0335 40.7162   9   0   0
95  -73.9721 40.7571   0   1   3
96  -73.9479 40.6901   5   0   1
97  -73.9752 40.6793   3   0   0
98  -73.9784 40.7631  10   0   0
99  -73.9343 40.7628   0   3   1
100 -73.9538 40.6851   4   0   3
101 -74.0171 40.7083   0   4   1
102 -73.9500 40.6810   0   1   7
103 -73.9814 40.7274   4   0   3
104 -73.9871 40.7284   0  11   2
105 -73.9779 40.7516   0   1   0
106 -74.0123 40.7012   0   5   1
107 -73.9437 40.7017   0   3   5
108 -74.0087 40.6571   4   0   3
109 -73.9216 40.7569  11   0   1
110 -73.9709 40.6730   0   3   1
111 -74.0002 40.7112   5   0   0
112 -73.9974 40.7547   0   2   0
113 -73.9437 40.6962   0   3   2
114 -74.0112 40.6790   0   2   0
115 -73.9856 40.7278   0   5   1
116 -73.9898 40.7263   0   8   2
117 -73.9979 40.6747   0   2   2
118 -73.9878 40.7127   0   4   2
119 -74.0048 40.7354   0   7   1
120 -73.9583 40.7327   3   0   1
121 -74.0000 40.6917   0  10   3
122 -73.9980 40.7353   0   3   1
123 -73.9391 40.7627   0   2   0
124 -73.9592 40.7225   0   4   4
125 -73.9480 40.7215   2   0   1
126 -73.9452 40.6913   0   3   1
127 -74.0081 40.7393   0   7   2
128 -73.9338 40.7747   3   0   1
129 -73.9960 40.6951   4   0   0
130 -74.0429 40.7217   7   0   0
131 -73.9821 40.6705   0   2   2
132 -73.9592 40.7591   0   2   0
133 -73.9547 40.8052   7   0   1
134 -73.9737 40.6918   0   4   8
135 -73.9992 40.7448   0  12   1
136 -73.9891 40.7221   7   0   1
137 -73.9501 40.8012   2   0   1
138 -73.9531 40.8097   0   1   0
139 -73.9770 40.6933   0   2   3
140 -73.9351 40.7138   0   2   0
141 -73.9938 40.7028   0   3   0
142 -73.9480 40.7754   7   0   1
143 -73.9910 40.7302  17   0   3
144 -74.0003 40.7352   6   0   2
145 -73.9790 40.6831   7   0   7
146 -74.0789 40.7111   0   1   0
147 -73.9528 40.7356   3   0   1
148 -73.9391 40.7576   0   1   0
149 -73.9904 40.6786   0   9   0
150 -74.0504 40.7348   5   0   0
151 -73.9630 40.8027   5   0   0
152 -73.9399 40.6934   4   0   2
153 -74.0091 40.7163   0   1   0
154 -73.9553 40.7835   0   1   0
155 -73.9822 40.7431   1   0   1
156 -73.9788 40.7476   0   1   0
157 -73.9556 40.6776   0   4   1
158 -73.9656 40.6865   0   2   2
159 -73.9881 40.7485  10   0   1
160 -73.9836 40.7841   5   0   1
161 -73.9433 40.7472   8   0   0
162 -74.0019 40.6743   0   4   0
163 -73.9521 40.7231   0   6   1
164 -73.9577 40.7786   8   0   0
165 -73.9877 40.7510   3   0   0
166 -73.9209 40.7675  10   0   0
167 -73.9649 40.8060   0   1   0
168 -73.9588 40.6846   0   4   2
169 -73.9915 40.7005   7   0   3
170 -74.0045 40.7469   9   0   1
171 -73.9399 40.7632   0   1   0
172 -73.9514 40.7117   3   0   1
173 -73.9596 40.6765   0   2   0
174 -73.9243 40.7581   0   2   2
175 -73.9596 40.7434   0   1   0
176 -73.9767 40.6869   0   6   2
177 -73.9627 40.7591   0   4   0
178 -73.9855 40.6663   0   2   3
179 -73.9737 40.7790   4   0   0
180 -74.0094 40.7133   6   0   1
181 -74.0254 40.6851   0   2   0
182 -73.9680 40.6794   0   4   0
183 -73.9606 40.7699   4   0   0
184 -73.9539 40.7303   2   0   3
185 -74.0030 40.7271   0   2   2
186 -73.9622 40.7738   0   1   1
187 -73.9905 40.7715   1   0   0
188 -73.9246 40.7714   0   3   0
189 -73.9632 40.6737   4   0   0
190 -73.9348 40.7668   3   0   0
191 -73.9397 40.8046   0   2   1
192 -73.9488 40.7783   0  10   3
193 -73.9365 40.7639   1   0   0
194 -73.9495 40.7934   2   0   0
195 -73.9852 40.7637   0   1   2
196 -73.9613 40.8121   0   1   0
197 -73.9540 40.6822   5   0   0
198 -73.9121 40.7701   3   0   0
199 -73.9671 40.6740   0   1   1
200 -73.9250 40.7687   3   0   1
201 -73.9798 40.7613  10   0   0
202 -73.9997 40.7191   0   1   1
203 -74.0463 40.7215   0   1   0
204 -73.9828 40.6773   0   7   1
205 -73.9933 40.6685   0   6   0
206 -73.9585 40.7175   0   1   3
207 -73.9682 40.8021  11   0   0
208 -73.9997 40.7160   8   0   1
209 -73.9351 40.7045   1   0   0
210 -73.9565 40.8134   0   4   1
211 -74.0021 40.7559  13   0   2
212 -73.9777 40.7252   1   0   3
213 -73.9545 40.7473   2   0   0
214 -73.9968 40.7112   0   5   4
215 -73.9259 40.7616   6   0   0
216 -74.0488 40.7257   0   4   0
217 -73.9389 40.7991   0   1   0
218 -74.0625 40.7337   0   1   1
219 -73.9916 40.7492   0   2   3
220 -73.9443 40.7256   0   6   0
221 -74.0037 40.7435   2   0   7
222 -73.9719 40.7546  18   0   0
223 -73.9575 40.7858  13   0   0
224 -73.9580 40.7071   0   3   1
225 -73.9658 40.6770   2   0   0
226 -73.9802 40.7174   0   7   3
227 -73.9953 40.7449   0   2   1
228 -73.9890 40.6663   0   1   0
229 -73.9790 40.7771   0   4   0
230 -73.9955 40.7004   0   3   1
231 -73.9600 40.7318   0   4   0
232 -73.9794 40.6882   0   3   6
233 -73.9787 40.7829   0   5   0
234 -73.9898 40.6726   1   0   1
235 -73.9107 40.7641   5   0   0
236 -73.9580 40.6945   0   3   1
237 -73.9741 40.7942   4   0   0
238 -73.9414 40.6789   0   1   1
239 -73.9843 40.6802   5   0   1
240 -73.9830 40.7444   0   3   0
241 -73.9817 40.7322   7   0   0
242 -73.9892 40.7636   7   0   0
243 -73.9892 40.7752   0  12   2
244 -73.9728 40.7850   0   2   0
245 -74.0410 40.7165   0   1   0
246 -73.9838 40.7262   1   0   2
247 -73.9312 40.7975   0   3   1
248 -73.9999 40.6828   3   0   2
249 -73.9567 40.6666   0   4   1
250 -73.9561 40.7093   3   0   0
251 -73.9745 40.7432   0   5   2
252 -73.9845 40.7607  10   0   3
253 -73.9623 40.7589   7   0   0
254 -73.9431 40.8108   4   0   0
255 -73.9380 40.7510   0   3   1
