####################################################################################################
#    Instance of "NYC_1_250" is randomly generated from "citybike.csv.csv".
#    NOTE:
#        (1) The first 1 lines is the location of depots.
#        (2) The position code type has two option:
#            0. GEO: longtitude-latitude coordinate
#            1. XY: Cartesian coordinate
#        (3) Each data record has six data fields as follwed:
#            #ID, #LATITUDE, #LONGTITUDE, #DELIVERY_DEMAND, #PICKUP_DEMAND, #OBSOLETE_DEMAND
####################################################################################################

COORD=0
DEPOT_NUM=1
STATION_NUM=250
VEHICLE_NUM=20

0   -73.9760 40.7297   0   0   0
1   -73.9237 40.7557   6   0   0
2   -73.9891 40.7221   0   2   1
3   -73.9772 40.7903   0   3   0
4   -73.9933 40.6685   1   0   0
5   -73.9904 40.6686   1   0   1
6   -73.9936 40.6777   3   0   1
7   -73.9383 40.7923   0   4   1
8   -73.9161 40.7729   6   0   0
9   -74.0158 40.7115   0   3   1
10  -73.9641 40.7085   5   0   4
11  -73.9961 40.6909   0   2   1
12  -73.9914 40.7547   0  15   5
13  -73.9431 40.8108   0   4   0
14  -73.9477 40.6804   0   3   2
15  -74.0090 40.7187   0   7   2
16  -73.9185 40.7746   2   0   0
17  -73.9356 40.7430   4   0   2
18  -73.9443 40.7256   0   5   0
19  -74.0342 40.7193   0   4   0
20  -73.9764 40.6651   0   2   2
21  -73.9920 40.6902   4   0   3
22  -73.9979 40.6747   0   2   2
23  -73.9809 40.7834   0   4   0
24  -73.9704 40.7974   4   0   0
25  -73.9960 40.7243  13   0   0
26  -74.0136 40.7046   1   0   4
27  -73.9754 40.7414   5   0   5
28  -73.9559 40.8039   2   0   1
29  -73.9712 40.7502  10   0   1
30  -73.9391 40.7576   0   1   0
31  -73.9739 40.7921   0   1   1
32  -73.9795 40.7122   2   0   5
33  -73.9771 40.7429   0   6   5
34  -73.9286 40.7704   3   0   2
35  -74.0055 40.7115   3   0   0
36  -74.0088 40.6727   0   6   1
37  -73.9760 40.7489   7   0   1
38  -73.9535 40.7666   5   0   0
39  -73.9530 40.7271   3   0   4
40  -73.9411 40.7614   2   0   0
41  -73.9872 40.7530  14   0   2
42  -73.9452 40.6913   0   5   1
43  -73.9547 40.8052  11   0   1
44  -73.9840 40.6638   3   0   1
45  -73.9312 40.7975   0   2   1
46  -73.9596 40.6765   4   0   0
47  -73.9489 40.7825  10   0   0
48  -73.9645 40.7950  10   0   1
49  -73.9451 40.7574   5   0   0
50  -73.9952 40.6882   4   0   1
51  -73.9541 40.7423  10   0   0
52  -74.0168 40.7057   0   4   6
53  -73.9891 40.6893   5   0   1
54  -73.9799 40.6687   0   6   0
55  -73.9743 40.6854   0   2   1
56  -73.9742 40.7258   3   0   1
57  -73.9515 40.8044   0   1   3
58  -73.9617 40.7204   0  10   2
59  -73.9741 40.7942   4   0   0
60  -73.9721 40.7571  15   0   3
61  -74.0002 40.7112   0   1   0
62  -74.0086 40.6812   0   6   1
63  -73.9327 40.7572  11   0   0
64  -73.9805 40.7338   2   0   5
65  -73.9418 40.7438   0   1   0
66  -73.9585 40.7190   7   0   0
67  -73.9606 40.7982   0   3   1
68  -73.9299 40.6794   2   0   1
69  -74.0106 40.6554   0  12   0
70  -73.9575 40.6642   0   2   7
71  -73.9868 40.7452  16   0   0
72  -74.0576 40.7312   0   2   0
73  -73.9899 40.7143   7   0   1
74  -73.9386 40.7154   9   0   0
75  -73.9900 40.7564   0  21   5
76  -73.9392 40.8076   1   0   0
77  -73.9852 40.7207   0  10   2
78  -73.9478 40.8095   4   0   7
79  -73.9500 40.6810   4   0   7
80  -73.9750 40.7551   9   0   0
81  -74.0062 40.7365   1   0   1
82  -73.9460 40.7920   4   0   8
83  -73.9944 40.6850   0   4   0
84  -73.9237 40.7072   6   0   0
85  -73.9557 40.7241   0   2   0
86  -73.9886 40.7683   0   7   0
87  -73.9238 40.7020   6   0   0
88  -74.0047 40.7243   6   0   5
89  -73.9580 40.6945   0   5   1
90  -74.0117 40.7037   0   4   1
91  -73.9767 40.6869   3   0   2
92  -73.9283 40.7000   5   0   0
93  -73.9373 40.7413   0   2   0
94  -73.9653 40.7104   0   2   1
95  -74.0666 40.7144   1   0   0
96  -73.9420 40.8005   0   2   0
97  -73.9833 40.7185   0   5   0
98  -73.9848 40.7131   0   4   2
99  -73.9660 40.7580   0   1   0
100 -74.0075 40.7428   0   1   0
101 -73.9895 40.6924   6   0   0
102 -73.9711 40.8013  13   0   1
103 -73.9704 40.7882  10   0   0
104 -73.9938 40.6864   0   5   0
105 -73.9934 40.6924   7   0   1
106 -73.9848 40.6977   0   3   0
107 -73.9596 40.7434   6   0   0
108 -73.9879 40.7623  12   0   3
109 -74.0127 40.7026  10   0   0
110 -73.9545 40.7473   0   5   0
111 -73.9437 40.7017   0   2   5
112 -73.9732 40.6776  10   0   0
113 -74.0086 40.7362   0   6   6
114 -73.9552 40.8100   0   2   0
115 -73.9501 40.8012   4   0   1
116 -74.0051 40.7394   6   0   2
117 -73.9411 40.6852   4   0   0
118 -74.0040 40.7376   0   9   0
119 -73.9968 40.7112   0   7   4
120 -73.9835 40.6728   0   3   0
121 -73.9349 40.8007   0   3   1
122 -73.9539 40.7303   2   0   3
123 -73.9613 40.8121   0   1   0
124 -73.9830 40.6896   0   2   2
125 -74.0463 40.7215   0   1   0
126 -73.9520 40.7161   0   3   1
127 -74.0068 40.7433   0   1   0
128 -73.9900 40.7202   0  13   5
129 -73.9472 40.7840   4   0   0
130 -73.9623 40.7589   8   0   0
131 -73.9449 40.7170   1   0   0
132 -73.9785 40.6765   1   0   0
133 -73.9809 40.7209   0  14   3
134 -73.9965 40.6862   2   0   1
135 -73.9498 40.6840   2   0   5
136 -73.9795 40.6611   0   5   2
137 -73.9396 40.7893   7   0   0
138 -73.9531 40.8097  10   0   0
139 -73.9335 40.7519   9   0   1
140 -73.9445 40.7151   0   1   0
141 -73.9915 40.7005   0   3   3
142 -73.9363 40.8057   0   2   0
143 -73.9253 40.7054   2   0   0
144 -73.9348 40.7668   0   1   0
145 -73.9606 40.6631   2   0   1
146 -73.9866 40.7551  13   0   0
147 -73.9169 40.7613   0   1   3
148 -73.9934 40.6954   1   0   0
149 -73.9691 40.7500  17   0   2
150 -73.9497 40.7811   0   8   0
151 -73.9740 40.7597  11   0   0
152 -74.0105 40.7175   2   0   2
153 -73.9437 40.6962   0   3   2
154 -73.9548 40.7208   3   0   0
155 -74.0381 40.7211   0   4   0
156 -74.0507 40.7242   0   6   0
157 -73.9476 40.7903  13   0   0
158 -74.0024 40.6859   0   7   0
159 -73.9736 40.6681   5   0   3
160 -73.9596 40.8086  11   0   0
161 -73.9737 40.7644   7   0   2
162 -73.9870 40.6686   2   0   0
163 -73.9600 40.7318   0   5   0
164 -74.0518 40.7427   0   3   1
165 -73.9927 40.7189   0  10   2
166 -73.9521 40.7231   0   7   1
167 -73.9964 40.7380  12   0   0
168 -73.9843 40.6922   0   2   2
169 -74.0784 40.7246   2   0   0
170 -74.0023 40.7149   5   0   1
171 -73.9797 40.6868   0   2   3
172 -74.0147 40.6758   0   5   1
173 -73.9985 40.7323   0   4   3
174 -73.9947 40.7506   3   0   1
175 -73.9498 40.7240   4   0   1
176 -74.0045 40.7469   9   0   1
177 -74.0097 40.7241   3   0   1
178 -73.9562 40.6758   2   0   0
179 -73.9781 40.7365   5   0   1
180 -73.9997 40.7160   0   8   1
181 -73.9763 40.6838   0   3   1
182 -73.9402 40.7077   0   1   2
183 -73.9607 40.7781  10   0   2
184 -73.9513 40.6907   0   1   1
185 -73.9416 40.7955   0   4   0
186 -73.9736 40.6958   0   5   5
187 -73.9574 40.7147   0   4   0
188 -73.9838 40.7262   1   0   2
189 -73.9558 40.7728   0   3   1
190 -73.9785 40.6796   4   0   1
191 -74.0500 40.7216   0   3   0
192 -74.0639 40.7309   9   0   0
193 -74.0061 40.7053   0   3   2
194 -74.0095 40.6778   0   4   2
195 -74.0079 40.6794   1   0   0
196 -73.9918 40.6910   5   0   1
197 -73.9523 40.7988   0   1   1
198 -73.9993 40.7394  13   0   7
199 -73.9703 40.7532   0   5   1
200 -73.9262 40.7569   0   1   0
201 -73.9448 40.7989   4   0   0
202 -74.0336 40.7141   5   0   0
203 -73.9939 40.7466   0   1   3
204 -73.9875 40.7517  16   0   3
205 -73.9440 40.7119   0   2   1
206 -73.9942 40.7158   7   0   1
207 -73.9719 40.7546   0   2   0
208 -73.9908 40.6820   2   0   2
209 -74.0789 40.7111   0   2   0
210 -74.0067 40.7191   4   0   0
211 -73.9992 40.7494   0   7   1
212 -73.9482 40.7164   0   3   2
213 -73.9385 40.6800   6   0   0
214 -74.0020 40.7455   0   5   5
215 -73.9929 40.7141   1   0   7
216 -73.9306 40.7611   0   2   0
217 -73.9697 40.6876   2   0   2
218 -73.9630 40.8027   0   7   0
219 -73.9371 40.6924   0   1   3
220 -73.9856 40.7806   0   7   4
221 -73.9830 40.6854   0   4   1
222 -74.0019 40.6743   0   3   0
223 -73.9687 40.7590   5   0   5
224 -74.0087 40.6571   2   0   3
225 -73.9459 40.7817   2   0   0
226 -74.0065 40.6770   0   4   0
227 -73.9585 40.7175   5   0   3
228 -74.0720 40.7257   0   1   0
229 -74.0642 40.7237   0   4   0
230 -74.0355 40.7243   0   1   1
231 -73.9413 40.6986   2   0   4
232 -73.9338 40.7747   3   0   1
233 -73.9881 40.7485   7   0   1
234 -73.9503 40.7905   5   0   1
235 -73.9924 40.7373  17   0   0
236 -73.9471 40.7104   4   0   0
237 -73.9521 40.7497   0   6   1
238 -73.9713 40.6957   3   0   0
239 -73.9626 40.7126   2   0   6
240 -73.9939 40.7673   0   6   2
241 -73.9916 40.7492   0   6   3
242 -73.9987 40.6764   1   0   2
243 -74.0049 40.6725   2   0   0
244 -73.9919 40.7161   0   4   2
245 -73.9486 40.7859   0   1   0
246 -73.9621 40.7998   0   1   0
247 -73.9718 40.6931   0   4   0
248 -73.9471 40.6996   6   0   1
249 -73.9775 40.7786   0   4   0
250 -73.9554 40.6692   0   2   2
