####################################################################################################
#    Instance of "NYC_1_060" is randomly generated from "citybike.csv.csv".
#    NOTE:
#        (1) The first 1 lines is the location of depots.
#        (2) The position code type has two option:
#            0. GEO: longtitude-latitude coordinate
#            1. XY: Cartesian coordinate
#        (3) Each data record has six data fields as follwed:
#            #ID, #LATITUDE, #LONGTITUDE, #DELIVERY_DEMAND, #PICKUP_DEMAND, #OBSOLETE_DEMAND
####################################################################################################

COORD=0
DEPOT_NUM=1
STATION_NUM=60
VEHICLE_NUM=20

0   -73.9727 40.7379   0   0   0
1   -73.9452 40.8084   0   4   0
2   -73.9737 40.6978   0   1   1
3   -73.9169 40.7613   0   1   3
4   -73.9337 40.7107   0   2   2
5   -73.9434 40.7533   5   0   1
6   -73.9587 40.7356   0   4   2
7   -74.0084 40.7038   6   0   0
8   -74.0440 40.7443   0   3   0
9   -74.0105 40.7175   2   0   2
10  -73.9153 40.7762   6   0   0
11  -73.9431 40.7233   0   6   0
12  -74.0040 40.7376   0   9   0
13  -73.9562 40.6758   2   0   0
14  -73.9441 40.7954   0   2   1
15  -73.9819 40.7653   0   2   1
16  -73.9687 40.7590   5   0   5
17  -73.9721 40.7571  15   0   3
18  -73.9525 40.7923   0   4   4
19  -73.9107 40.7641   0   2   0
20  -73.9577 40.7786   0   3   0
21  -73.9840 40.6638   3   0   1
22  -73.9818 40.7193   0   3   5
23  -73.9741 40.7942   4   0   0
24  -73.9455 40.7863   6   0   0
25  -73.9389 40.7132   0   2   0
26  -74.0017 40.7079   0   6   0
27  -73.9660 40.7580   0   1   0
28  -73.9886 40.7683   0   7   0
29  -74.0000 40.7435   0   3   7
30  -73.9609 40.6722   4   0   0
31  -73.9607 40.7781  10   0   2
32  -73.9813 40.7142   0   5   0
33  -73.9748 40.6712   0   2   0
34  -73.9938 40.7590   0  13   1
35  -73.9810 40.6899   0   3   5
36  -73.9910 40.7302  20   0   3
37  -74.0093 40.7047   0   3   5
38  -73.9985 40.7323   0   4   3
39  -73.9391 40.7576   0   1   0
40  -74.0078 40.7467   0   1   1
41  -74.0057 40.7224   0   8   0
42  -73.9363 40.7946   2   0   1
43  -73.9870 40.6686   2   0   0
44  -73.9660 40.6832   8   0   2
45  -73.9596 40.7434   6   0   0
46  -73.9504 40.7218   8   0   3
47  -73.9558 40.6803   0   2   1
48  -73.9899 40.7143   7   0   1
49  -74.0666 40.7144   1   0   0
50  -73.9830 40.7444  10   0   0
51  -73.9471 40.6996   6   0   1
52  -73.9981 40.7292   1   0   1
53  -73.9590 40.7768   0   2   1
54  -73.9852 40.7637   6   0   2
55  -73.9170 40.7671  10   0   1
56  -74.0130 40.7150   0   1   1
57  -73.9491 40.8026   0   1   1
58  -73.9719 40.7546   0   2   0
59  -73.9974 40.7547   4   0   0
60  -74.0021 40.7559  16   0   2
