####################################################################################################
#    Instance of "NYC_5_400" is randomly generated from "citybike.csv".
#    NOTE:
#        (1) The first 5 lines is the location of depots.
#        (2) The position code type has two option:
#            0. GEO: longtitude-latitude coordinate
#            1. XY: Cartesian coordinate
#        (3) Each data record has six data fields as follwed:
#            #ID, #LATITUDE, #LONGTITUDE, #DELIVERY_DEMAND, #PICKUP_DEMAND, #OBSOLETE_DEMAND
####################################################################################################

COORD=0
DEPOT_NUM=5
STATION_NUM=400
VEHICLE_NUM=20

0   -73.9514 40.6968   0   0   0
1   -74.0534 40.7247   0   0   0
2   -73.9501 40.7809   0   0   0
3   -73.9937 40.6905   0   0   0
4   -73.9865 40.7420   0   0   0
5   -73.9351 40.7138   0   2   0
6   -73.9863 40.7207   0  10   1
7   -73.9575 40.7858  13   0   0
8   -73.9886 40.7462   9   0   1
9   -73.9498 40.7240   0   1   1
10  -73.9538 40.6851   4   0   3
11  -73.9703 40.7532   6   0   1
12  -73.9574 40.7147   3   0   0
13  -73.9459 40.8040   0   2   1
14  -73.9524 40.7895  13   0   1
15  -73.9649 40.8060   0   1   0
16  -73.9670 40.8042   4   0   0
17  -73.9787 40.7829   0   5   0
18  -73.9309 40.7740   0   2   0
19  -73.9606 40.7982   0   2   1
20  -74.0002 40.7112   5   0   0
21  -74.0500 40.7216   0   3   0
22  -73.9567 40.6666   0   4   1
23  -73.9126 40.7748   4   0   2
24  -73.9602 40.7153   4   0   1
25  -73.9556 40.7995   3   0   2
26  -73.9826 40.7162   2   0   5
27  -73.9420 40.8005   9   0   0
28  -73.9924 40.7373  15   0   0
29  -74.0046 40.7127   6   0   2
30  -73.9809 40.7834   0   2   0
31  -73.9795 40.6611   0   7   2
32  -73.9489 40.7425   0   3   0
33  -73.9153 40.7762   4   0   0
34  -73.9577 40.6708  11   0   1
35  -73.9767 40.6869   0   6   2
36  -73.9749 40.6898   3   0   2
37  -73.9953 40.7449   0   2   1
38  -74.0071 40.7329   0   5   3
39  -73.9713 40.6957   0   3   0
40  -73.9785 40.6765   0   8   0
41  -74.0104 40.7091   5   0   2
42  -73.9525 40.7923   8   0   4
43  -73.9380 40.7510   0   3   1
44  -74.0639 40.7309   0   1   0
45  -73.9600 40.7318   0   4   0
46  -73.9577 40.7786   8   0   0
47  -73.9920 40.6902   5   0   3
48  -73.9584 40.7688   6   0   2
49  -73.9183 40.7814   4   0   4
50  -73.9999 40.6828   3   0   2
51  -74.0067 40.7036   2   0   2
52  -73.9847 40.7747   6   0   0
53  -73.9867 40.7014   0   3   3
54  -73.9830 40.6854   1   0   1
55  -74.0377 40.7152   0   5   0
56  -73.9687 40.7590   5   0   5
57  -73.9396 40.7893   0   2   0
58  -73.9919 40.7117   0   6   6
59  -73.9237 40.7746   6   0   1
60  -73.9947 40.7506   0   2   1
61  -73.9632 40.6737   4   0   0
62  -73.9562 40.7261   0  12   1
63  -73.9906 40.6867   2   0   1
64  -73.9985 40.7323   2   0   3
65  -73.9449 40.7087   0   4   5
66  -74.0642 40.7237   1   0   0
67  -73.9558 40.7728   3   0   1
68  -73.9829 40.7775   4   0   0
69  -73.9243 40.7581   0   2   2
70  -73.9767 40.7852  11   0   0
71  -73.9877 40.6791   0   4   0
72  -73.9565 40.8134   0   4   1
73  -73.9869 40.7658   6   0   2
74  -73.9981 40.7292   0   4   1
75  -73.9832 40.7553   0   7   0
76  -73.9708 40.6980   0   2   2
77  -74.0429 40.7217   7   0   0
78  -73.9659 40.7678   9   0   0
79  -73.9280 40.7531   6   0   0
80  -73.9503 40.7905   0   8   1
81  -73.9768 40.7394   4   0   2
82  -73.9590 40.8143   8   0   3
83  -73.9447 40.6862   2   0   2
84  -73.9622 40.7647   0   2   1
85  -73.9624 40.6780   1   0   0
86  -73.9622 40.6936   1   0   2
87  -73.9629 40.7941   0   2   1
88  -73.9449 40.7170   1   0   0
89  -73.9939 40.7466   6   0   3
90  -73.9286 40.7634   2   0   0
91  -73.9795 40.7275   0  13   4
92  -74.0091 40.7163   0   1   0
93  -74.0017 40.7079   0   5   0
94  -73.9757 40.6809   0   1   0
95  -73.9736 40.6958   0   5   5
96  -73.9560 40.7814   6   0   0
97  -73.9773 40.7802   0   2   1
98  -74.0136 40.7046   1   0   4
99  -74.0113 40.7277   0   1   6
100 -73.9840 40.6638   2   0   1
101 -73.9262 40.6978   0   2   1
102 -73.9807 40.7297   0   9   3
103 -73.9653 40.7631   0   2   0
104 -74.0410 40.7165   0   1   0
105 -73.9471 40.6996   5   0   1
106 -73.9548 40.7690   2   0   2
107 -73.9934 40.6976   0   9   1
108 -73.9992 40.7448   0  12   1
109 -73.9814 40.7274   4   0   3
110 -73.9411 40.6852   5   0   0
111 -73.9779 40.7208   0   7   7
112 -73.9764 40.6651   3   0   2
113 -73.9630 40.6849   6   0   0
114 -73.9872 40.6951   8   0  12
115 -73.9826 40.7567   7   0   1
116 -73.9737 40.6978   0   1   1
117 -74.0057 40.7224   0   7   0
118 -74.0573 40.7459   2   0   0
119 -73.9358 40.6863   3   0   5
120 -74.0073 40.7071   0   4   2
121 -73.9813 40.7872   4   0   1
122 -73.9406 40.7032   0   7  11
123 -73.9785 40.6796   3   0   1
124 -74.0017 40.7249   0   4   3
125 -73.9631 40.6716  11   0   2
126 -73.9719 40.7546  18   0   0
127 -73.9692 40.6842   5   0   3
128 -73.9389 40.7991   0   1   0
129 -73.9813 40.6920   0   3   4
130 -73.9479 40.7519   6   0   0
131 -73.9690 40.6767   0   5   2
132 -73.9892 40.7752   0  12   2
133 -73.9437 40.6962   0   3   2
134 -73.9942 40.7158   6   0   1
135 -73.9552 40.8100   0   2   0
136 -73.9374 40.7672   4   0   0
137 -74.0525 40.7376   0   3   2
138 -73.9771 40.7868   3   0   1
139 -73.9473 40.7877   0   1   1
140 -73.9744 40.7000   4   0   0
141 -73.9615 40.6822   6   0   8
142 -74.0355 40.7243   0   1   1
143 -73.9681 40.7920   0   2   2
144 -73.9828 40.6773   0   7   1
145 -73.9460 40.7779   5   0   2
146 -73.9997 40.7191   0   1   1
147 -74.0050 40.7083   0   4   1
148 -73.9948 40.7232   0   4   0
149 -73.9250 40.7687   3   0   1
150 -73.9437 40.7017   0   3   5
151 -73.9795 40.7122   2   0   5
152 -73.9710 40.7053   1   0   0
153 -74.0147 40.6758   1   0   1
154 -74.0061 40.7053   0   2   2
155 -73.9321 40.7596   8   0   0
156 -73.9575 40.6642   0   3   7
157 -73.9670 40.7692  13   0   1
158 -73.9970 40.7141   8   0   1
159 -73.9777 40.7252   1   0   3
160 -73.9170 40.7712   0   1   1
161 -73.9607 40.7781   6   0   2
162 -73.9509 40.6883   2   0   1
163 -73.9938 40.7028   0   3   0
164 -73.9253 40.7054   0   2   0
165 -73.9399 40.6934   4   0   2
166 -74.0032 40.6764   0   2   0
167 -73.9848 40.6977   3   0   0
168 -73.9797 40.7439   2   0   2
169 -73.9800 40.7230   7   0   2
170 -73.9561 40.7093   3   0   0
171 -73.9407 40.7511   7   0   1
172 -73.9762 40.7758   0   8   5
173 -73.9606 40.6664   2   0   2
174 -73.9538 40.6933   0   4   0
175 -73.9656 40.6865   0   2   2
176 -73.9514 40.7117   3   0   1
177 -73.9699 40.6979   3   0   1
178 -73.9477 40.6804   0   2   2
179 -73.9728 40.7526   8   0   0
180 -73.9557 40.7241   0   1   0
181 -74.0123 40.7012   0   5   1
182 -74.0093 40.7047   9   0   5
183 -73.9951 40.7333   2   0   2
184 -73.9754 40.7414   7   0   5
185 -73.9798 40.7613  10   0   0
186 -73.9908 40.6820   1   0   2
187 -73.9817 40.7322   7   0   0
188 -73.9938 40.6864   3   0   0
189 -73.9583 40.7327   3   0   1
190 -73.9632 40.7169   2   0   2
191 -74.0072 40.7086   7   0   1
192 -73.9475 40.7248   0   3   1
193 -74.0127 40.7026   8   0   0
194 -73.9934 40.6924   0   2   1
195 -73.9391 40.7576   0   1   0
196 -74.0595 40.7350   0   3   1
197 -73.9585 40.7175   0   1   3
198 -73.9849 40.7477   5   0   1
199 -73.9389 40.7132   3   0   0
200 -73.9612 40.7687   0   2   0
201 -73.9543 40.7748   9   0   0
202 -73.9296 40.7565  11   0   0
203 -73.9495 40.7934   2   0   0
204 -73.9888 40.6705   0   3   1
205 -73.9992 40.7494   4   0   1
206 -73.9478 40.8095   0   4   7
207 -74.0086 40.6812   1   0   1
208 -73.9577 40.7711  11   0   0
209 -73.9430 40.8030   0   1   1
210 -74.0711 40.7276   3   0   0
211 -73.9780 40.6961   0   3   6
212 -73.9580 40.6945   0   3   1
213 -73.9872 40.6846   0   4   1
214 -73.9448 40.7989   7   0   0
215 -73.9585 40.7190   0   1   0
216 -73.9855 40.6663   0   2   3
217 -73.9495 40.6954   6   0   1
218 -73.9763 40.7659  15   0   1
219 -73.9544 40.7068  10   0   2
220 -73.9833 40.7415   0   2   0
221 -73.9399 40.7632   0   1   0
222 -74.0389 40.7184   3   0   1
223 -73.9609 40.7105   6   0   0
224 -73.9955 40.7004   0   3   1
225 -73.9837 40.7222   8   0   0
226 -74.0666 40.7144   0   3   0
227 -73.9528 40.7356   3   0   1
228 -73.9478 40.7962   2   0   0
229 -73.9704 40.7974   0   3   0
230 -73.9365 40.7639   1   0   0
231 -73.9265 40.7658   0   1   1
232 -73.9815 40.6793   2   0   0
233 -73.9499 40.7728   0   5   1
234 -73.9498 40.6840   0   2   5
235 -73.9488 40.7177   0   3   2
236 -73.9522 40.7806   4   0   1
237 -73.9565 40.6742   0   2   0
238 -73.9432 40.7933   6   0   1
239 -74.0051 40.7394   0   4   2
240 -73.9836 40.7841   5   0   1
241 -74.0101 40.6753   3   0   0
242 -73.9885 40.7490   0  10   2
243 -73.9896 40.7403  10   0   2
244 -74.0028 40.7609   7   0   4
245 -74.0625 40.7337   0   1   1
246 -74.0112 40.7149   4   0   0
247 -73.9386 40.7154   6   0   0
248 -73.9880 40.7172   0   2   9
249 -73.9820 40.6662   5   0   0
250 -73.9745 40.7432   0   5   2
251 -73.9845 40.7607  10   0   3
252 -74.0460 40.7233   4   0   0
253 -73.9551 40.7323   7   0   4
254 -73.9592 40.7591   0   2   0
255 -73.9562 40.6758   4   0   0
256 -73.9643 40.7763  10   0   2
257 -73.9877 40.7510   3   0   0
258 -73.9397 40.8046   0   2   1
259 -73.9892 40.7636   7   0   0
260 -73.9741 40.7942   4   0   0
261 -73.9606 40.7699   4   0   0
262 -74.0068 40.7433   0   1   0
263 -73.9714 40.7828   2   0   0
264 -73.9259 40.7616   6   0   0
265 -73.9918 40.6910   4   0   1
266 -73.9422 40.7191   1   0   1
267 -74.0075 40.7428  14   0   0
268 -73.9507 40.7757   2   0   0
269 -73.9866 40.7551   0   2   0
270 -74.0088 40.6727   0   3   1
271 -73.9736 40.6681  10   0   3
272 -74.0086 40.7362   0   7   6
273 -73.9434 40.7533   0   3   1
274 -73.9535 40.7714   6   0   1
275 -73.9619 40.7953  10   0   1
276 -74.0507 40.7242   0   3   0
277 -73.9460 40.7920   3   0   8
278 -73.9602 40.6890   1   0   5
279 -73.9809 40.7797  12   0  10
280 -74.0576 40.7312   6   0   0
281 -73.9898 40.6726   1   0   1
282 -73.9721 40.7571   0   1   3
283 -73.9712 40.7442   6   0   2
284 -73.9513 40.6907   5   0   1
285 -73.9410 40.7125   6   0   0
286 -73.9790 40.7771   0   4   0
287 -73.9443 40.8015   5   0   1
288 -73.9343 40.7549   0   1   0
289 -74.0025 40.7194  10   0   1
290 -73.9995 40.7236   0   4   3
291 -73.9216 40.7569  11   0   1
292 -73.9536 40.7878   0   1   0
293 -73.9535 40.7449   4   0   2
294 -73.9568 40.7757   6   0   0
295 -74.0020 40.7455   0  12   5
296 -74.0784 40.7246   3   0   0
297 -73.9627 40.7591   0   4   0
298 -73.9146 40.7787   0   3   0
299 -74.0463 40.7215   0   1   0
300 -73.9992 40.6848   1   0   0
301 -73.9999 40.7378   0   1   1
302 -73.9617 40.7204   6   0   2
303 -73.9363 40.7602   0   1   0
304 -74.0789 40.7111   0   1   0
305 -73.9423 40.7979   0   5   0
306 -73.9463 40.6943   0   6   0
307 -73.9843 40.6802   5   0   1
308 -74.0021 40.7304   0   4   4
309 -73.9351 40.7045   1   0   0
310 -73.9208 40.7632   7   0   0
311 -73.9647 40.6805   0   3   0
312 -74.0404 40.7487   0   3   0
313 -73.9727 40.6875   3   0   4
314 -73.9371 40.6924   4   0   3
315 -73.9838 40.6681   0   6   0
316 -73.9440 40.7119   3   0   1
317 -73.9385 40.6800   0   1   0
318 -73.9482 40.7164   2   0   2
319 -73.9380 40.7536   6   0   0
320 -73.9900 40.7564   0  17   5
321 -73.9660 40.6832   8   0   2
322 -73.9532 40.8144   0   2   2
323 -73.9300 40.7030   0   2   0
324 -73.9942 40.7417  12   0   2
325 -73.9471 40.7104   0   5   0
326 -73.9740 40.7306   9   0   1
327 -74.0504 40.7260   0   5   0
328 -73.9494 40.8078   0   3   0
329 -73.9350 40.7975   3   0   0
330 -74.0095 40.6778   3   0   2
331 -73.9392 40.8076   0   2   0
332 -73.9621 40.7998   0   1   0
333 -73.9821 40.7359   7   0   1
334 -73.9349 40.6815   0   2   2
335 -73.9689 40.6933   0  12   1
336 -73.9961 40.6909   5   0   1
337 -74.0365 40.7128   6   0   1
338 -73.9838 40.7262   1   0   2
339 -73.9791 40.7667  14   0   0
340 -73.9363 40.8057   0   4   0
341 -73.9790 40.6831   7   0   7
342 -74.0023 40.7149   3   0   1
343 -73.9880 40.7705   0  16   1
344 -73.9641 40.8082   6   0   0
345 -73.9521 40.7881   0   2   0
346 -73.9437 40.7892   8   0   0
347 -73.9889 40.7775   0   5   2
348 -74.0170 40.6869   0   1   1
349 -74.0062 40.7365   0   7   1
350 -73.9710 40.6810   0   3   1
351 -73.9869 40.7342   2   0   1
352 -73.9554 40.6692   3   0   2
353 -73.9721 40.7630  15   0  10
354 -74.0385 40.7124   0   3   1
355 -73.9678 40.7521   0   4   2
356 -73.9529 40.6764   0   5   1
357 -74.0065 40.6770   3   0   0
358 -73.9452 40.6913   0   3   1
359 -73.9238 40.7020   0   1   0
360 -74.0052 40.7514   0   3   2
361 -74.0086 40.7288   3   0   1
362 -73.9169 40.7613   7   0   3
363 -73.9648 40.7913   7   0   1
364 -73.9413 40.6986   1   0   4
365 -73.9327 40.7572  10   0   0
366 -73.9899 40.7143   0   2   1
367 -73.9848 40.7131   3   0   2
368 -73.9594 40.7831  14   0   0
369 -73.9609 40.6722   0   2   0
370 -73.9380 40.6826   0   4   2
371 -74.0019 40.6743   0   4   0
372 -73.9835 40.6728   0   9   0
373 -73.9775 40.7786   0   4   0
374 -73.9933 40.6685   0   6   0
375 -73.9489 40.7192   0   1   2
376 -73.9878 40.6751   2   0   1
377 -73.9417 40.8070   4   0   2
378 -73.9939 40.7673   0   6   2
379 -73.9445 40.7752   3   0   0
380 -73.9781 40.7365   4   0   1
381 -73.9592 40.7225   0   4   4
382 -74.0836 40.7182   0   1   0
383 -73.9464 40.7058   1   0   1
384 -74.0016 40.6876   0   2   0
385 -74.0067 40.7191   3   0   0
386 -73.9551 40.7776   0   1   0
387 -73.9363 40.7946   0   6   1
388 -74.0139 40.7019   6   0   0
389 -74.0055 40.7115   7   0   0
390 -73.9654 40.6920   0   5   1
391 -73.9960 40.6951   4   0   0
392 -74.0381 40.7211   0   2   0
393 -73.9826 40.7022   3   0   0
394 -73.9586 40.7731   7   0   0
395 -73.9948 40.6806  11   0   0
396 -73.9558 40.6803   5   0   1
397 -74.0065 40.7096   6   0   0
398 -73.9870 40.6686   0   4   0
399 -74.0149 40.6923   4   0   1
400 -73.9987 40.6764   1   0   2
401 -74.0171 40.7083   0   4   1
402 -73.9936 40.6777   5   0   1
403 -73.9451 40.7574   6   0   0
404 -73.9215 40.7056   0   2   0
