####################################################################################################
#    Instance of "NYC_2_030" is randomly generated from "citybike.csv".
#    NOTE:
#        (1) The first 2 lines is the location of depots.
#        (2) The position code type has two option:
#            0. GEO: longtitude-latitude coordinate
#            1. XY: Cartesian coordinate
#        (3) Each data record has six data fields as follwed:
#            #ID, #LATITUDE, #LONGTITUDE, #DELIVERY_DEMAND, #PICKUP_DEMAND, #OBSOLETE_DEMAND
####################################################################################################

COORD=0
DEPOT_NUM=2
STATION_NUM=30
VEHICLE_NUM=20

0   -73.9842 40.7151   0   0   0
1   -73.9621 40.7848   0   0   0
2   -73.9942 40.7158   6   0   1
3   -73.9875 40.7383  13   0   0
4   -74.0666 40.7144   0   3   0
5   -73.9827 40.7634  19   0   1
6   -74.0086 40.6812   1   0   1
7   -73.9819 40.7457   0   3   0
8   -73.9509 40.6883   2   0   1
9   -73.9613 40.8121   0   1   0
10  -73.9728 40.7526   8   0   0
11  -73.9719 40.7938   0   1   0
12  -73.9575 40.7858  13   0   0
13  -73.9464 40.7058   1   0   1
14  -73.9397 40.8046   0   2   1
15  -73.9896 40.7403  10   0   2
16  -73.9696 40.7847   3   0   0
17  -73.9734 40.7478   0   4   2
18  -73.9763 40.7178   0   3   0
19  -73.9468 40.7725   3   0   1
20  -73.9612 40.7687   0   2   0
21  -73.9869 40.7342   2   0   1
22  -73.9618 40.6687   3   0   1
23  -73.9934 40.6954   0   5   0
24  -73.9648 40.6885   6   0   1
25  -73.9574 40.8103   0   1   1
26  -73.9826 40.7022   3   0   0
27  -73.9602 40.7153   4   0   1
28  -73.9480 40.7215   2   0   1
29  -74.0428 40.7146   0   4   0
30  -73.9868 40.7452   3   0   0
31  -73.9809 40.7209   0  11   3
