####################################################################################################
#    Instance of "NYC_3_400" is randomly generated from "citybike.csv".
#    NOTE:
#        (1) The first 3 lines is the location of depots.
#        (2) The position code type has two option:
#            0. GEO: longtitude-latitude coordinate
#            1. XY: Cartesian coordinate
#        (3) Each data record has six data fields as follwed:
#            #ID, #LATITUDE, #LONGTITUDE, #DELIVERY_DEMAND, #PICKUP_DEMAND, #OBSOLETE_DEMAND
####################################################################################################

COORD=0
DEPOT_NUM=3
STATION_NUM=400
VEHICLE_NUM=20

0   -73.9541 40.7778   0   0   0
1   -73.9697 40.6925   0   0   0
2   -74.0021 40.7310   0   0   0
3   -73.9371 40.6924   4   0   3
4   -73.9577 40.7711  11   0   0
5   -73.9530 40.7271   6   0   4
6   -74.0057 40.7224   0   7   0
7   -73.9411 40.7614   0   4   0
8   -73.9515 40.8044   0   1   3
9   -73.9590 40.7768  13   0   1
10  -73.9521 40.7881   0   2   0
11  -73.9892 40.7752   0  12   2
12  -73.9760 40.7489  16   0   1
13  -73.9498 40.7240   0   1   1
14  -73.9988 40.7603   1   0   1
15  -73.9863 40.6924   0   1   1
16  -73.9333 40.7950   0   2   0
17  -73.9649 40.8060   0   1   0
18  -73.9838 40.6681   0   6   0
19  -73.9327 40.7572  10   0   0
20  -73.9215 40.7056   0   2   0
21  -73.9764 40.6651   3   0   2
22  -73.9648 40.6885   6   0   1
23  -73.9919 40.7211   3   0  10
24  -73.9463 40.6943   0   6   0
25  -74.0639 40.7309   0   1   0
26  -73.9807 40.6984   4   0   3
27  -73.9464 40.7058   1   0   1
28  -73.9843 40.6922   4   0   2
29  -73.9828 40.6773   0   7   1
30  -73.9981 40.7292   0   4   1
31  -73.9337 40.7107   0   2   2
32  -73.9961 40.6909   5   0   1
33  -73.9757 40.7331   0   9   0
34  -73.9979 40.6747   0   2   2
35  -73.9858 40.7231   3   0   7
36  -73.9126 40.7748   4   0   2
37  -73.9509 40.6883   2   0   1
38  -73.9877 40.7028   7   0   0
39  -73.9752 40.6751   8   0   0
40  -73.9915 40.7005   7   0   3
41  -74.0077 40.7219   0   3   1
42  -73.9721 40.7630  15   0  10
43  -73.9741 40.7942   4   0   0
44  -73.9460 40.7920   3   0   8
45  -73.9872 40.7530   0   1   2
46  -73.9970 40.7141   8   0   1
47  -73.9899 40.7143   0   2   1
48  -73.9612 40.7687   0   2   0
49  -73.9697 40.6876   1   0   2
50  -74.0104 40.7091   5   0   2
51  -73.9441 40.7954  10   0   1
52  -73.9803 40.7541  20   0   1
53  -73.9365 40.7639   1   0   0
54  -73.9743 40.6854   0   2   1
55  -73.9237 40.7746   6   0   1
56  -73.9588 40.6679   0   2   2
57  -73.9763 40.6838  18   0   1
58  -73.9790 40.6831   7   0   7
59  -73.9609 40.7105   6   0   0
60  -73.9747 40.7884   4   0   0
61  -73.9567 40.6666   0   4   1
62  -73.9795 40.7122   2   0   5
63  -73.9513 40.6907   5   0   1
64  -73.9606 40.7982   0   2   1
65  -73.9216 40.7569  11   0   1
66  -74.0055 40.7176   5   0   0
67  -73.9615 40.6822   6   0   8
68  -73.9448 40.7989   7   0   0
69  -73.9489 40.7425   0   3   0
70  -73.9472 40.7840   0  10   0
71  -73.9752 40.6793   3   0   0
72  -73.9480 40.7215   2   0   1
73  -73.9459 40.8040   0   2   1
74  -74.0032 40.6764   0   2   0
75  -73.9559 40.8039   0   8   1
76  -73.9617 40.7204   6   0   2
77  -73.9938 40.7028   0   3   0
78  -73.9719 40.7546  18   0   0
79  -73.9778 40.7734   3   0   1
80  -74.0037 40.7435   2   0   7
81  -73.9972 40.7473   7   0   3
82  -73.9397 40.8046   0   2   1
83  -73.9443 40.8015   5   0   1
84  -74.0003 40.7322   0   1   1
85  -74.0081 40.7393   0   7   2
86  -73.9919 40.7161   8   0   2
87  -73.9775 40.7786   0   4   0
88  -73.9933 40.6725   0   4   0
89  -73.9819 40.7457   0   3   0
90  -73.9819 40.7653   0   1   1
91  -73.9886 40.7683   0   5   0
92  -73.9557 40.7241   0   1   0
93  -73.9609 40.6722   0   2   0
94  -73.9356 40.7430   3   0   2
95  -74.0020 40.7455   0  12   5
96  -73.9653 40.7631   0   2   0
97  -73.9809 40.7797  12   0  10
98  -73.9826 40.6828   3   0   1
99  -74.0128 40.6773   0   2   3
100 -73.9602 40.6890   1   0   5
101 -73.9987 40.6764   1   0   2
102 -74.0147 40.6758   1   0   1
103 -74.0087 40.6571   4   0   3
104 -73.9807 40.7297   0   9   3
105 -73.9870 40.6686   0   4   0
106 -74.0149 40.6923   4   0   1
107 -73.9835 40.6728   0   9   0
108 -73.9973 40.7424   3   0   0
109 -73.9794 40.6882   0   3   6
110 -73.9418 40.7438   5   0   0
111 -73.9929 40.7141   1   0   7
112 -73.9629 40.7941   0   2   1
113 -73.9416 40.7870   0   9   0
114 -73.9868 40.7452   3   0   0
115 -73.9486 40.7552   0   3   0
116 -73.9606 40.6664   2   0   2
117 -73.9590 40.8143   8   0   3
118 -74.0488 40.7257   0   4   0
119 -73.9843 40.6802   5   0   1
120 -73.9833 40.7185   9   0   0
121 -73.9818 40.7193   0   2   5
122 -74.0061 40.7053   0   2   2
123 -73.9856 40.7806   3   0   4
124 -73.9437 40.7017   0   3   5
125 -73.9749 40.6898   3   0   2
126 -73.9886 40.7593   0  13   5
127 -73.9914 40.7547   0  12   5
128 -74.0666 40.7144   0   3   0
129 -73.9711 40.6750   0   1   1
130 -73.9539 40.7303   2   0   3
131 -74.0438 40.7177   5   0   3
132 -73.9991 40.7305   0   5   2
133 -73.9630 40.8027   5   0   0
134 -73.9529 40.6764   0   5   1
135 -74.0097 40.7241   4   0   1
136 -74.0504 40.7260   0   5   0
137 -73.9768 40.7394   4   0   2
138 -73.9898 40.6726   1   0   1
139 -73.9876 40.6864   2   0   0
140 -73.9643 40.7763  10   0   2
141 -73.9385 40.6800   0   1   0
142 -73.9286 40.7634   2   0   0
143 -73.9447 40.6862   2   0   2
144 -73.9587 40.7356   0   6   2
145 -73.9718 40.6931   0   5   0
146 -73.9170 40.7671   0   1   1
147 -73.9586 40.7731   7   0   0
148 -73.9396 40.7893   0   2   0
149 -73.9525 40.7923   8   0   4
150 -73.9441 40.6824   0   4   0
151 -74.0021 40.7559  13   0   2
152 -73.9532 40.8025   4   0   3
153 -73.9889 40.7775   0   5   2
154 -73.9624 40.6780   1   0   0
155 -73.9407 40.7511   7   0   1
156 -73.9936 40.6777   5   0   1
157 -73.9121 40.7701   3   0   0
158 -73.9494 40.8078   0   3   0
159 -73.9543 40.7748   9   0   0
160 -74.0711 40.7276   3   0   0
161 -73.9452 40.8084   7   0   0
162 -73.9848 40.6977   3   0   0
163 -73.9938 40.7274   0   1   0
164 -73.9832 40.7553   0   7   0
165 -73.9993 40.7394   0   2   7
166 -74.0048 40.7354   0   7   1
167 -73.9900 40.7202   0   6   5
168 -73.9498 40.7471   2   0   2
169 -73.9632 40.6737   4   0   0
170 -73.9997 40.7160   8   0   1
171 -73.9468 40.7725   3   0   1
172 -74.0101 40.6753   3   0   0
173 -73.9574 40.7147   3   0   0
174 -73.9351 40.7045   1   0   0
175 -73.9886 40.7462   9   0   1
176 -73.9913 40.7602   0   2   2
177 -73.9434 40.7533   0   3   1
178 -73.9634 40.8109   0   1   0
179 -73.9514 40.7117   3   0   1
180 -73.9647 40.6805   0   3   0
181 -74.0102 40.7129   1   0   0
182 -73.9562 40.7261   0  12   1
183 -73.9538 40.6933   0   4   0
184 -73.9843 40.7295   0  14   0
185 -73.9592 40.7225   0   4   4
186 -73.9795 40.6611   0   7   2
187 -73.9728 40.7526   8   0   0
188 -74.0518 40.7427   0   3   1
189 -73.9681 40.7920   0   2   2
190 -73.9826 40.7162   2   0   5
191 -73.9276 40.7767   0   2   1
192 -73.9548 40.7690   2   0   2
193 -73.9558 40.6803   5   0   1
194 -73.9721 40.7571   0   1   3
195 -73.9386 40.7154   6   0   0
196 -74.0047 40.7243   5   0   5
197 -74.0642 40.7237   1   0   0
198 -73.9762 40.7758   0   8   5
199 -73.9380 40.7536   6   0   0
200 -73.9445 40.7151   0   1   0
201 -73.9898 40.7263   0   8   2
202 -73.9185 40.7746   0   4   0
203 -73.9942 40.7417  12   0   2
204 -73.9960 40.7188   9   0   2
205 -73.9449 40.7087   0   4   5
206 -73.9246 40.7714   0   3   0
207 -74.0050 40.7083   0   4   1
208 -73.9519 40.8114   0   2   3
209 -73.9960 40.6787   6   0   1
210 -73.9940 40.7108   3   0   3
211 -73.9896 40.7403  10   0   2
212 -74.0068 40.7433   0   1   0
213 -73.9999 40.7378   0   1   1
214 -73.9799 40.7522   0   1   2
215 -73.9521 40.7231   0   6   1
216 -73.9892 40.7429   0   1   1
217 -74.0088 40.6727   0   3   1
218 -73.9308 40.7659   0   1   3
219 -73.9499 40.7728   0   5   1
220 -74.0075 40.7428  14   0   0
221 -73.9710 40.6810   0   3   1
222 -73.9445 40.7752   3   0   0
223 -73.9391 40.7627   0   2   0
224 -73.9979 40.6831   0   4   1
225 -73.9475 40.7248   0   3   1
226 -73.9422 40.7191   1   0   1
227 -73.9441 40.7051   0   3   5
228 -73.9343 40.7549   0   1   0
229 -73.9904 40.6786   0   9   0
230 -73.9773 40.7802   0   2   1
231 -74.0086 40.6812   1   0   1
232 -73.9524 40.7192   7   0   0
233 -73.9837 40.7222   8   0   0
234 -73.9398 40.8013  10   0   0
235 -73.9932 40.6829   2   0   1
236 -73.9845 40.7607  10   0   3
237 -73.9312 40.7975   0   3   1
238 -74.0076 40.6747   0   8   0
239 -73.9875 40.7383  13   0   0
240 -73.9658 40.6770   2   0   0
241 -73.9498 40.6840   0   2   5
242 -73.9745 40.7432   0   5   2
243 -73.9939 40.7466   6   0   3
244 -73.9889 40.7322   2   0   0
245 -73.9363 40.7946   0   6   1
246 -73.9575 40.6906   2   0   4
247 -73.9553 40.7835   0   1   0
248 -73.9964 40.7380  17   0   0
249 -73.9734 40.7478   0   4   2
250 -73.9771 40.7868   3   0   1
251 -73.9659 40.7678   9   0   0
252 -74.0365 40.7128   6   0   1
253 -73.9660 40.7580   4   0   0
254 -73.9451 40.7574   6   0   0
255 -73.9948 40.7232   0   4   0
256 -73.9578 40.7291   0  11   1
257 -73.9560 40.7814   6   0   0
258 -74.0084 40.7038   3   0   0
259 -73.9153 40.7762   4   0   0
260 -74.0157 40.6772   0   3   1
261 -73.9965 40.6862   3   0   1
262 -73.9137 40.7656   4   0   1
263 -73.9905 40.6938   9   0   0
264 -73.9704 40.7882   0   1   0
265 -73.9995 40.7236   0   4   3
266 -73.9830 40.6896   5   0   2
267 -73.9421 40.6895   4   0   1
268 -73.9767 40.7852  11   0   0
269 -73.9865 40.6770   3   0   0
270 -73.9622 40.7738   0   1   1
271 -74.0720 40.7257   0   1   0
272 -74.0168 40.7057   2   0   6
273 -73.9960 40.7243   8   0   0
274 -74.0389 40.7184   3   0   1
275 -73.9551 40.7323   7   0   4
276 -73.9566 40.7424   0   3   0
277 -73.9879 40.7623   0   1   3
278 -73.9960 40.6951   4   0   0
279 -73.9906 40.6867   2   0   1
280 -73.9632 40.7169   2   0   2
281 -74.0132 40.7175   0   2   4
282 -73.9592 40.7591   0   2   0
283 -73.9471 40.7104   0   5   0
284 -73.9788 40.7476   0   1   0
285 -73.9575 40.7858  13   0   0
286 -73.9659 40.7129   0   3   1
287 -73.9653 40.7104   4   0   1
288 -73.9577 40.6708  11   0   1
289 -73.9810 40.6899   7   0   5
290 -73.9641 40.7085   6   0   4
291 -73.9809 40.7834   0   2   0
292 -73.9687 40.7590   5   0   5
293 -73.9682 40.8021  11   0   0
294 -74.0019 40.6743   0   4   0
295 -74.0105 40.7175   0   3   2
296 -73.9836 40.6947   0   6   7
297 -73.9974 40.7547   0   2   0
298 -73.9613 40.8121   0   1   0
299 -73.9907 40.7250   1   0   0
300 -73.9478 40.7962   2   0   0
301 -73.9826 40.7567   7   0   1
302 -73.9712 40.7442   6   0   2
303 -73.9779 40.7516   0   1   0
304 -73.9495 40.6954   6   0   1
305 -73.9482 40.7041   4   0   1
306 -73.9621 40.7998   0   1   0
307 -74.0014 40.7410   6   0   1
308 -73.9869 40.7658   6   0   2
309 -73.9593 40.6868   0   4   1
310 -73.9351 40.7138   0   2   0
311 -73.9991 40.6810   0   5   1
312 -73.9565 40.8134   0   4   1
313 -73.9594 40.7831  14   0   0
314 -73.9482 40.7164   2   0   2
315 -73.9250 40.7687   3   0   1
316 -73.9459 40.7817   3   0   0
317 -73.9437 40.7892   8   0   0
318 -74.0784 40.7246   3   0   0
319 -73.9571 40.8017   0   4   1
320 -73.9739 40.7921   0   1   1
321 -74.0404 40.7487   0   3   0
322 -73.9910 40.7302  17   0   3
323 -73.9535 40.7449   4   0   2
324 -73.9627 40.7591   0   4   0
325 -73.9528 40.7356   3   0   1
326 -73.9503 40.7905   0   8   1
327 -73.9406 40.7032   0   7  11
328 -74.0112 40.6790   0   2   0
329 -73.9979 40.7566   0   5   0
330 -73.9714 40.7828   2   0   0
331 -73.9671 40.6740   0   1   1
332 -73.9784 40.7631  10   0   0
333 -73.9980 40.7353   0   3   1
334 -73.9389 40.7991   0   1   0
335 -73.9678 40.7521   0   4   2
336 -73.9737 40.7644  17   0   2
337 -74.0504 40.7348   5   0   0
338 -73.9479 40.7519   6   0   0
339 -74.0065 40.6770   3   0   0
340 -74.0381 40.7211   0   2   0
341 -73.9565 40.6742   0   2   0
342 -73.9580 40.6945   0   3   1
343 -73.9536 40.7878   0   1   0
344 -73.9704 40.7974   0   3   0
345 -73.9781 40.7365   4   0   1
346 -74.0557 40.7112   2   0   0
347 -73.9471 40.6996   5   0   1
348 -73.9821 40.6705   0   2   2
349 -74.0089 40.7072   5   0   2
350 -73.9501 40.8012   2   0   1
351 -73.9740 40.7306   9   0   1
352 -74.0139 40.7019   6   0   0
353 -73.9243 40.7581   0   2   2
354 -73.9934 40.6976   0   9   1
355 -73.9777 40.7519  13   0   1
356 -74.0073 40.7071   0   4   2
357 -73.9532 40.8144   0   2   2
358 -74.0091 40.7163   0   1   0
359 -73.9570 40.7129   0   4   1
360 -73.9966 40.7271   0   5   3
361 -74.0030 40.7271   0   2   2
362 -73.9813 40.7872   4   0   1
363 -73.9556 40.7995   3   0   2
364 -73.9708 40.6980   0   2   2
365 -73.9709 40.6730   0   3   1
366 -73.9376 40.6968   0   3   1
367 -73.9819 40.7245   3   0   3
368 -74.0025 40.7194  10   0   1
369 -73.9558 40.7728   3   0   1
370 -73.9942 40.7158   6   0   1
371 -73.9880 40.7705   0  16   1
372 -73.9703 40.7532   6   0   1
373 -74.0029 40.7340   4   0   2
374 -73.9915 40.7223   0   2   4
375 -73.9488 40.7177   0   3   2
376 -73.9699 40.6979   3   0   1
377 -73.9779 40.7208   0   7   7
378 -73.9577 40.7786   8   0   0
379 -74.0321 40.7287   0   5   0
380 -73.9891 40.7221   7   0   1
381 -73.9770 40.7931   0   2   0
382 -73.9690 40.6767   0   5   2
383 -73.9146 40.7787   0   3   0
384 -73.9575 40.7450   6   0   1
385 -73.9259 40.7616   6   0   0
386 -73.9440 40.7119   3   0   1
387 -73.9552 40.8100   0   2   0
388 -73.9849 40.7477   5   0   1
389 -73.9809 40.7209   0  11   3
390 -74.0086 40.7288   3   0   1
391 -73.9544 40.7068  10   0   2
392 -73.9924 40.7373  15   0   0
393 -73.9763 40.7178   0   3   0
394 -73.9871 40.7284   0  11   2
395 -73.9283 40.7000   3   0   0
396 -73.9660 40.6832   8   0   2
397 -73.9535 40.7666   0   3   0
398 -73.9918 40.6910   4   0   1
399 -73.9491 40.7134   2   0   2
400 -73.9703 40.7597  11   0   3
401 -74.0000 40.6917   0  10   3
402 -74.0016 40.6876   0   2   0
