####################################################################################################
#    Instance of "NYC_4_250" is randomly generated from "citybike.csv".
#    NOTE:
#        (1) The first 4 lines is the location of depots.
#        (2) The position code type has two option:
#            0. GEO: longtitude-latitude coordinate
#            1. XY: Cartesian coordinate
#        (3) Each data record has six data fields as follwed:
#            #ID, #LATITUDE, #LONGTITUDE, #DELIVERY_DEMAND, #PICKUP_DEMAND, #OBSOLETE_DEMAND
####################################################################################################

COORD=0
DEPOT_NUM=4
STATION_NUM=250
VEHICLE_NUM=20

0   -73.9557 40.7746   0   0   0
1   -74.0526 40.7264   0   0   0
2   -73.9701 40.6897   0   0   0
3   -73.9949 40.7308   0   0   0
4   -73.9343 40.7549   0   1   0
5   -73.9416 40.7955   3   0   0
6   -73.9863 40.6924   0   1   1
7   -73.9953 40.7449   0   2   1
8   -73.9933 40.6685   0   6   0
9   -73.9767 40.7852  11   0   0
10  -73.9757 40.7237   0   4   2
11  -74.0073 40.7071   0   4   2
12  -73.9630 40.6849   6   0   0
13  -73.9545 40.7473   2   0   0
14  -73.9582 40.7650   8   0   3
15  -73.9558 40.7728   3   0   1
16  -73.9433 40.7472   8   0   0
17  -73.9185 40.7746   0   4   0
18  -73.9574 40.8103   0   1   1
19  -73.9617 40.7204   6   0   2
20  -73.9575 40.6906   2   0   4
21  -73.9510 40.7088   6   0   1
22  -74.0321 40.7287   0   5   0
23  -73.9565 40.6742   0   2   0
24  -73.9522 40.7806   4   0   1
25  -73.9299 40.6794   2   0   1
26  -73.9486 40.7552   0   3   0
27  -74.0087 40.6571   4   0   3
28  -73.9672 40.7610   0   1   0
29  -74.0573 40.7459   2   0   0
30  -73.9974 40.7547   0   2   0
31  -74.0377 40.7152   0   5   0
32  -73.9488 40.7783   0  10   3
33  -73.9877 40.6791   0   4   0
34  -73.9476 40.7903  12   0   0
35  -73.9826 40.7716   9   0   0
36  -73.9995 40.7236   0   4   3
37  -73.9981 40.7292   0   4   1
38  -73.9856 40.7278   0   5   1
39  -73.9612 40.7687   0   2   0
40  -73.9750 40.7551   0   9   0
41  -73.9524 40.6953   0   2   5
42  -73.9999 40.7378   0   1   1
43  -74.0048 40.7354   0   7   1
44  -74.0023 40.7149   3   0   1
45  -73.9972 40.7473   7   0   3
46  -74.0000 40.6917   0  10   3
47  -73.9472 40.7840   0  10   0
48  -73.9997 40.7160   8   0   1
49  -73.9801 40.7550   0   1   0
50  -73.9852 40.7637   0   1   2
51  -74.0112 40.7149   4   0   0
52  -73.9489 40.7192   0   1   2
53  -73.9416 40.7870   0   9   0
54  -73.9819 40.7653   0   1   1
55  -73.9952 40.6882   0   7   1
56  -73.9477 40.6804   0   2   2
57  -73.9713 40.6957   0   3   0
58  -73.9491 40.8026   0   1   1
59  -73.9530 40.7271   6   0   4
60  -73.9840 40.6638   2   0   1
61  -73.9521 40.7231   0   6   1
62  -73.9877 40.7028   7   0   0
63  -73.9924 40.7373  15   0   0
64  -73.9560 40.7814   6   0   0
65  -73.9843 40.6922   4   0   2
66  -73.9300 40.7030   0   2   0
67  -73.9835 40.6728   0   9   0
68  -73.9373 40.7413   6   0   0
69  -73.9938 40.7590   1   0   1
70  -73.9727 40.6875   3   0   4
71  -73.9371 40.6924   4   0   3
72  -74.0072 40.7086   7   0   1
73  -73.9421 40.6895   4   0   1
74  -73.9580 40.6945   0   3   1
75  -73.9153 40.7762   4   0   0
76  -74.0089 40.7072   5   0   2
77  -73.9583 40.7327   3   0   1
78  -73.9805 40.7338   0  15   5
79  -73.9774 40.7382   0   3   2
80  -74.0097 40.7241   4   0   1
81  -73.9575 40.7450   6   0   1
82  -73.9575 40.6642   0   3   7
83  -73.9780 40.6961   0   3   6
84  -74.0507 40.7242   0   3   0
85  -74.0086 40.7288   3   0   1
86  -73.9691 40.7500   9   0   2
87  -73.9622 40.7738   0   1   1
88  -74.0046 40.7127   6   0   2
89  -73.9909 40.7502   0   6   1
90  -73.9949 40.7314   4   0   3
91  -73.9514 40.7117   3   0   1
92  -73.9771 40.7429   3   0   5
93  -73.9641 40.8082   6   0   0
94  -73.9880 40.7705   0  16   1
95  -74.0428 40.7146   0   4   0
96  -73.9772 40.7903   0   1   0
97  -73.9468 40.7725   3   0   1
98  -74.0836 40.7182   0   1   0
99  -73.9826 40.7567   7   0   1
100 -73.9813 40.6920   0   3   4
101 -73.9451 40.7574   6   0   0
102 -74.0158 40.7115   3   0   1
103 -73.9660 40.7580   4   0   0
104 -73.9879 40.7623   0   1   3
105 -73.9574 40.7147   3   0   0
106 -73.9535 40.7449   4   0   2
107 -73.9520 40.7161   0   3   1
108 -74.0488 40.7257   0   4   0
109 -73.9757 40.7331   0   9   0
110 -73.9939 40.7466   6   0   3
111 -73.9280 40.7531   6   0   0
112 -73.9826 40.7022   3   0   0
113 -73.9737 40.6918   0   4   8
114 -74.0404 40.7487   0   3   0
115 -73.9648 40.6885   6   0   1
116 -73.9906 40.6867   2   0   1
117 -73.9648 40.7913   7   0   1
118 -73.9892 40.7752   0  12   2
119 -73.9784 40.6704   5   0   0
120 -74.0149 40.6923   4   0   1
121 -73.9938 40.7274   0   1   0
122 -73.9737 40.7644  17   0   2
123 -74.0067 40.7036   2   0   2
124 -73.9323 40.7682   0   1   0
125 -73.9800 40.7230   7   0   2
126 -73.9916 40.7492   0   2   3
127 -74.0095 40.6778   3   0   2
128 -73.9997 40.7191   0   1   1
129 -73.9838 40.7262   1   0   2
130 -73.9445 40.7752   3   0   0
131 -73.9815 40.6793   2   0   0
132 -74.0017 40.7249   0   4   3
133 -73.9944 40.6850   1   0   0
134 -73.9740 40.7306   9   0   1
135 -73.9680 40.6794   0   4   0
136 -73.9719 40.7546  18   0   0
137 -73.9519 40.8114   0   2   3
138 -73.9513 40.6907   5   0   1
139 -74.0028 40.7609   7   0   4
140 -73.9881 40.7485  10   0   1
141 -74.0024 40.6859   0   6   0
142 -73.9785 40.6765   0   8   0
143 -73.9379 40.8029   7   0   0
144 -73.9894 40.7026   0   4   1
145 -74.0000 40.7435  11   0   7
146 -73.9480 40.7754   7   0   1
147 -73.9634 40.8109   0   1   0
148 -73.9455 40.7863   0   3   0
149 -73.9262 40.6978   0   2   1
150 -73.9762 40.7758   0   8   5
151 -73.9577 40.7711  11   0   0
152 -73.9414 40.6789   0   1   1
153 -73.9670 40.7692  13   0   1
154 -73.9351 40.7138   0   2   0
155 -73.9321 40.7596   8   0   0
156 -73.9498 40.7054   4   0   2
157 -73.9489 40.7825   0   3   0
158 -74.0128 40.6773   0   2   3
159 -73.9665 40.7990   8   0   1
160 -73.9938 40.7028   0   3   0
161 -73.9538 40.6933   0   4   0
162 -73.9939 40.7516   0   4   2
163 -73.9689 40.6894   2   0   2
164 -73.9501 40.8012   2   0   1
165 -74.0504 40.7260   0   5   0
166 -73.9441 40.7954  10   0   1
167 -73.9710 40.6810   0   3   1
168 -73.9632 40.6737   4   0   0
169 -73.9899 40.7143   0   2   1
170 -73.9856 40.7806   3   0   4
171 -73.9807 40.7297   0   9   3
172 -73.9692 40.6842   5   0   3
173 -73.9872 40.6846   0   4   1
174 -73.9383 40.7923   4   0   1
175 -74.0081 40.7393   0   7   2
176 -73.9647 40.6805   0   3   0
177 -73.9886 40.7593   0  13   5
178 -73.9418 40.7438   5   0   0
179 -73.9475 40.7248   0   3   1
180 -73.9596 40.6765   0   2   0
181 -74.0084 40.7038   3   0   0
182 -73.9437 40.7017   0   3   5
183 -74.0014 40.7410   6   0   1
184 -73.9441 40.7051   0   3   5
185 -73.9933 40.6725   0   4   0
186 -73.9992 40.7448   0  12   1
187 -73.9399 40.7632   0   1   0
188 -73.9890 40.6663   0   1   0
189 -73.9836 40.6947   0   6   7
190 -73.9826 40.7162   2   0   5
191 -74.0029 40.7340   4   0   2
192 -73.9529 40.6764   0   5   1
193 -73.9767 40.6869   0   6   2
194 -73.9540 40.6822   5   0   0
195 -73.9548 40.7690   2   0   2
196 -73.9914 40.7440   0   6   1
197 -74.0136 40.7046   1   0   4
198 -74.0789 40.7111   0   1   0
199 -73.9749 40.6898   3   0   2
200 -73.9535 40.7714   6   0   1
201 -73.9296 40.7565  11   0   0
202 -73.9389 40.7991   0   1   0
203 -73.9693 40.7576   4   0   0
204 -73.9795 40.6611   0   7   2
205 -73.9606 40.7699   4   0   0
206 -73.9833 40.7415   0   2   0
207 -73.9915 40.7005   7   0   3
208 -74.0676 40.7253   5   0   0
209 -74.0065 40.6770   3   0   0
210 -74.0104 40.7091   5   0   2
211 -73.9711 40.7635   8   0   1
212 -73.9813 40.7872   4   0   1
213 -73.9867 40.7014   0   3   3
214 -73.9495 40.6954   6   0   1
215 -73.9473 40.7877   0   1   1
216 -73.9443 40.8015   5   0   1
217 -73.9410 40.7125   6   0   0
218 -74.0504 40.7348   5   0   0
219 -73.9948 40.6806  11   0   0
220 -73.9728 40.7850   0   2   0
221 -74.0051 40.7394   0   4   2
222 -73.9855 40.6663   0   2   3
223 -73.9787 40.6741   0   5   1
224 -74.0055 40.7115   7   0   0
225 -73.9869 40.7342   2   0   1
226 -74.0595 40.7350   0   3   1
227 -73.9744 40.7000   4   0   0
228 -73.9535 40.7666   0   3   0
229 -73.9795 40.7275   0  13   4
230 -73.9940 40.7108   3   0   3
231 -74.0166 40.7153   9   0   1
232 -74.0500 40.7216   0   3   0
233 -73.9875 40.7383  13   0   0
234 -73.9843 40.6802   5   0   1
235 -73.9868 40.7452   3   0   0
236 -73.9919 40.7161   8   0   2
237 -73.9915 40.7223   0   2   4
238 -73.9380 40.6826   0   4   2
239 -74.0147 40.6758   1   0   1
240 -73.9389 40.7132   3   0   0
241 -73.9498 40.7471   2   0   2
242 -73.9862 40.6850   3   0   0
243 -73.9413 40.6986   1   0   4
244 -73.9960 40.6787   6   0   1
245 -73.9889 40.7775   0   5   2
246 -73.9741 40.7942   4   0   0
247 -73.9209 40.7675  10   0   0
248 -73.9607 40.7781   6   0   2
249 -73.9660 40.6832   8   0   2
250 -74.0381 40.7211   0   2   0
251 -73.9507 40.7757   2   0   0
252 -73.9689 40.6933   0  12   1
253 -73.9918 40.6910   4   0   1
