####################################################################################################
#    Instance of "NYC_2_150" is randomly generated from "citybike.csv".
#    NOTE:
#        (1) The first 2 lines is the location of depots.
#        (2) The position code type has two option:
#            0. GEO: longtitude-latitude coordinate
#            1. XY: Cartesian coordinate
#        (3) Each data record has six data fields as follwed:
#            #ID, #LATITUDE, #LONGTITUDE, #DELIVERY_DEMAND, #PICKUP_DEMAND, #OBSOLETE_DEMAND
####################################################################################################

COORD=0
DEPOT_NUM=2
STATION_NUM=150
VEHICLE_NUM=20

0   -73.9869 40.7072   0   0   0
1   -73.9608 40.7730   0   0   0
2   -73.9524 40.6953   0   2   5
3   -73.9754 40.7414   7   0   5
4   -73.9795 40.7122   2   0   5
5   -74.0128 40.6773   0   2   3
6   -73.9898 40.6726   1   0   1
7   -73.9529 40.6764   0   5   1
8   -73.9798 40.7613  10   0   0
9   -73.9690 40.6767   0   5   2
10  -73.9431 40.8108   4   0   0
11  -73.9788 40.7476   0   1   0
12  -73.9729 40.7902   0   3   1
13  -73.9430 40.8030   0   1   1
14  -73.9433 40.7472   8   0   0
15  -73.9813 40.7872   4   0   1
16  -73.9797 40.7391   0   9   4
17  -74.0102 40.7129   1   0   0
18  -74.0065 40.6770   3   0   0
19  -74.0130 40.7150   0   1   1
20  -73.9970 40.7141   8   0   1
21  -73.9795 40.7275   0  13   4
22  -74.0084 40.7038   3   0   0
23  -73.9358 40.6863   3   0   5
24  -73.9665 40.7990   8   0   1
25  -74.0048 40.7354   0   7   1
26  -74.0090 40.7187   3   0   2
27  -73.9654 40.6920   0   5   1
28  -73.9464 40.7058   1   0   1
29  -73.9535 40.7666   0   3   0
30  -73.9779 40.6851   5   0   3
31  -73.9583 40.7327   3   0   1
32  -73.9479 40.6901   5   0   1
33  -73.9767 40.6869   0   6   2
34  -73.9452 40.6913   0   3   1
35  -73.9509 40.6883   2   0   1
36  -73.9906 40.6867   2   0   1
37  -74.0488 40.7257   0   4   0
38  -73.9704 40.7882   0   1   0
39  -74.0030 40.7271   0   2   2
40  -73.9819 40.7245   3   0   3
41  -73.9471 40.7104   0   5   0
42  -73.9441 40.6824   0   4   0
43  -74.0094 40.7133   6   0   1
44  -73.9606 40.6664   2   0   2
45  -73.9632 40.7169   2   0   2
46  -73.9539 40.7303   2   0   3
47  -74.0355 40.7243   0   1   1
48  -74.0017 40.7079   0   5   0
49  -73.9399 40.7632   0   1   0
50  -73.9905 40.7715   1   0   0
51  -74.0088 40.6727   0   3   1
52  -73.9593 40.6868   0   4   1
53  -73.9559 40.7444   8   0   2
54  -73.9765 40.7599  15   0   0
55  -73.9208 40.7632   7   0   0
56  -73.9609 40.6722   0   2   0
57  -73.9299 40.6794   2   0   1
58  -73.9489 40.7425   0   3   0
59  -73.9626 40.7126   0   3   6
60  -73.9596 40.7434   0   1   0
61  -73.9561 40.7093   3   0   0
62  -73.9575 40.6906   2   0   4
63  -73.9584 40.7688   6   0   2
64  -73.9286 40.7634   2   0   0
65  -74.0117 40.7037   4   0   1
66  -74.0000 40.6917   0  10   3
67  -73.9889 40.7322   2   0   0
68  -73.9843 40.7295   0  14   0
69  -73.9389 40.7132   3   0   0
70  -73.9980 40.7353   0   3   1
71  -73.9892 40.7429   0   1   1
72  -73.9907 40.7345   7   0   2
73  -74.0024 40.6859   0   6   0
74  -73.9757 40.7237   0   4   2
75  -73.9966 40.7271   0   5   3
76  -73.9351 40.7138   0   2   0
77  -73.9585 40.7175   0   1   3
78  -73.9243 40.7581   0   2   2
79  -73.9737 40.7644  17   0   2
80  -73.9659 40.7546   0   4   0
81  -73.9659 40.7129   0   3   1
82  -73.9973 40.7424   3   0   0
83  -73.9413 40.7485   2   0   1
84  -74.0017 40.7249   0   4   3
85  -74.0071 40.7329   0   5   3
86  -74.0557 40.7112   2   0   0
87  -74.0715 40.7221   2   0   0
88  -74.0050 40.7083   0   4   1
89  -73.9475 40.7248   0   3   1
90  -73.9480 40.7215   2   0   1
91  -73.9237 40.7072   0   1   0
92  -73.9590 40.7768  13   0   1
93  -73.9790 40.6831   7   0   7
94  -73.9840 40.6638   2   0   1
95  -73.9590 40.8143   8   0   3
96  -74.0079 40.6794   2   0   0
97  -74.0032 40.6764   0   2   0
98  -73.9437 40.6962   0   3   2
99  -73.9531 40.8097   0   1   0
100 -73.9687 40.7590   5   0   5
101 -74.0061 40.7053   0   2   2
102 -73.9734 40.7478   0   4   2
103 -73.9985 40.7323   2   0   3
104 -73.9877 40.7510   3   0   0
105 -73.9768 40.7394   4   0   2
106 -73.9779 40.7208   0   7   7
107 -73.9383 40.7923   4   0   1
108 -73.9478 40.8095   0   4   7
109 -73.9901 40.7370  20   0   2
110 -74.0132 40.7175   0   2   4
111 -73.9411 40.6852   5   0   0
112 -73.9586 40.7731   7   0   0
113 -73.9437 40.7892   8   0   0
114 -74.0576 40.7312   6   0   0
115 -74.0711 40.7276   3   0   0
116 -73.9711 40.7635   8   0   1
117 -73.9664 40.8008   0   2   0
118 -73.9952 40.6882   0   7   1
119 -74.0087 40.6571   4   0   3
120 -73.9710 40.6810   0   3   1
121 -73.9889 40.7775   0   5   2
122 -73.9262 40.7569   6   0   0
123 -73.9448 40.7989   7   0   0
124 -73.9337 40.7107   0   2   2
125 -73.9827 40.7634  19   0   1
126 -74.0113 40.7277   0   1   6
127 -73.9794 40.6882   0   3   6
128 -73.9606 40.7699   4   0   0
129 -74.0496 40.7165   1   0   1
130 -74.0477 40.7185   4   0   0
131 -74.0086 40.7288   3   0   1
132 -73.9987 40.6764   1   0   2
133 -73.9588 40.6792   1   0   1
134 -73.9938 40.7590   1   0   1
135 -74.0021 40.7304   0   4   4
136 -73.9737 40.6918   0   4   8
137 -74.0784 40.7246   3   0   0
138 -73.9967 40.7634   2   0   0
139 -73.9711 40.8013   0   2   1
140 -73.9948 40.7232   0   4   0
141 -73.9933 40.6725   0   4   0
142 -73.9757 40.7331   0   9   0
143 -73.9843 40.6802   5   0   1
144 -73.9742 40.7258   0   5   1
145 -73.9737 40.7790   4   0   0
146 -73.9265 40.7658   0   1   1
147 -74.0504 40.7260   0   5   0
148 -73.9872 40.6951   8   0  12
149 -73.9992 40.7494   4   0   1
150 -73.9552 40.8100   0   2   0
151 -73.9787 40.7829   0   5   0
