####################################################################################################
#    Instance of "NYC_6_150" is randomly generated from "citybike.csv".
#    NOTE:
#        (1) The first 6 lines is the location of depots.
#        (2) The position code type has two option:
#            0. GEO: longtitude-latitude coordinate
#            1. XY: Cartesian coordinate
#        (3) Each data record has six data fields as follwed:
#            #ID, #LATITUDE, #LONGTITUDE, #DELIVERY_DEMAND, #PICKUP_DEMAND, #OBSOLETE_DEMAND
####################################################################################################

COORD=0
DEPOT_NUM=6
STATION_NUM=150
VEHICLE_NUM=20

0   -73.9287 40.7629   0   0   0
1   -73.9859 40.6817   0   0   0
2   -73.9606 40.7853   0   0   0
3   -73.9940 40.7290   0   0   0
4   -74.0517 40.7189   0   0   0
5   -73.9508 40.7075   0   0   0
6   -73.9659 40.7129   0   3   1
7   -73.9821 40.7359   7   0   1
8   -73.9554 40.6692   3   0   2
9   -73.9813 40.7872   4   0   1
10  -73.9689 40.6933   0  12   1
11  -73.9432 40.7933   6   0   1
12  -73.9379 40.8029   7   0   0
13  -74.0095 40.6778   3   0   2
14  -73.9856 40.7278   0   5   1
15  -73.9919 40.7117   0   6   6
16  -73.9692 40.6842   5   0   3
17  -73.9225 40.7775   0   4   0
18  -73.9785 40.6765   0   8   0
19  -73.9286 40.7634   2   0   0
20  -73.9787 40.6741   0   5   1
21  -73.9748 40.6712   4   0   0
22  -73.9734 40.7478   0   4   2
23  -73.9600 40.7318   0   4   0
24  -73.9855 40.6663   0   2   3
25  -73.9488 40.7177   0   3   2
26  -73.9856 40.7806   3   0   4
27  -73.9710 40.7053   1   0   0
28  -73.9607 40.7781   6   0   2
29  -73.9838 40.6681   0   6   0
30  -73.9739 40.7921   0   1   1
31  -73.9551 40.7776   0   1   0
32  -73.9968 40.7112   0   5   4
33  -74.0120 40.6736   1   0   0
34  -73.9321 40.7596   8   0   0
35  -73.9624 40.6780   1   0   0
36  -73.9985 40.7131   4   0   0
37  -73.9354 40.7447   3   0   0
38  -73.9237 40.7072   0   1   0
39  -74.0028 40.7609   7   0   4
40  -73.9648 40.7913   7   0   1
41  -73.9940 40.7108   3   0   3
42  -74.0385 40.7124   0   3   1
43  -73.9416 40.7955   3   0   0
44  -73.9948 40.7232   0   4   0
45  -74.0093 40.7047   9   0   5
46  -73.9878 40.6751   2   0   1
47  -73.9216 40.7569  11   0   1
48  -73.9934 40.6954   0   5   0
49  -73.9602 40.7153   4   0   1
50  -73.9609 40.7612   5   0   2
51  -73.9914 40.7440   0   6   1
52  -73.9449 40.7087   0   4   5
53  -73.9437 40.6962   0   3   2
54  -73.9785 40.6796   3   0   1
55  -73.9365 40.7639   1   0   0
56  -73.9822 40.7431   1   0   1
57  -73.9523 40.7988   0   1   1
58  -73.9513 40.6907   5   0   1
59  -73.9848 40.6977   3   0   0
60  -73.9392 40.8076   0   2   0
61  -73.9077 40.7714   4   0   0
62  -73.9510 40.7088   6   0   1
63  -73.9915 40.7223   0   2   4
64  -73.9795 40.7122   2   0   5
65  -74.0130 40.7150   0   1   1
66  -73.9897 40.6999   6   0   1
67  -73.9586 40.7731   7   0   0
68  -73.9309 40.7740   0   2   0
69  -74.0057 40.7224   0   7   0
70  -73.9660 40.7580   4   0   0
71  -73.9373 40.7969   3   0   1
72  -73.9250 40.7687   3   0   1
73  -73.9622 40.6936   1   0   2
74  -73.9779 40.6851   5   0   3
75  -73.9451 40.7574   6   0   0
76  -74.0047 40.7243   5   0   5
77  -73.9237 40.7746   6   0   1
78  -73.9830 40.6896   5   0   2
79  -73.9826 40.7716   9   0   0
80  -73.9826 40.6828   3   0   1
81  -73.9653 40.7631   0   2   0
82  -74.0001 40.6784   5   0   1
83  -74.0381 40.7211   0   2   0
84  -73.9729 40.7902   0   3   1
85  -73.9704 40.7882   0   1   0
86  -74.0000 40.6917   0  10   3
87  -73.9253 40.7054   0   2   0
88  -74.0065 40.6770   3   0   0
89  -73.9371 40.6924   4   0   3
90  -73.9936 40.6777   5   0   1
91  -73.9578 40.7291   0  11   1
92  -73.9363 40.8057   0   4   0
93  -73.9482 40.7041   4   0   1
94  -73.9339 40.7062   2   0   0
95  -74.0477 40.7185   4   0   0
96  -73.9520 40.7161   0   3   1
97  -74.0147 40.6758   1   0   1
98  -73.9509 40.6883   2   0   1
99  -73.9877 40.7510   3   0   0
100 -73.9641 40.7085   6   0   4
101 -73.9494 40.8078   0   3   0
102 -73.9327 40.7572  10   0   0
103 -74.0094 40.7111   8   0   0
104 -73.9489 40.7825   0   3   0
105 -74.0035 40.6830   3   0   0
106 -73.9594 40.7831  14   0   0
107 -73.9380 40.7510   0   3   1
108 -73.9617 40.7204   6   0   2
109 -74.0642 40.7237   1   0   0
110 -73.9777 40.7252   1   0   3
111 -73.9265 40.7658   0   1   1
112 -74.0037 40.7435   2   0   7
113 -73.9961 40.6909   5   0   1
114 -74.0081 40.7393   0   7   2
115 -73.9727 40.6875   3   0   4
116 -73.9577 40.6708  11   0   1
117 -73.9905 40.7715   1   0   0
118 -73.9942 40.7417  12   0   2
119 -73.9524 40.6953   0   2   5
120 -73.9867 40.7014   0   3   3
121 -73.9524 40.7192   7   0   0
122 -74.0557 40.7112   2   0   0
123 -73.9754 40.7414   7   0   5
124 -73.9798 40.7613  10   0   0
125 -73.9805 40.7338   0  15   5
126 -73.9900 40.7202   0   6   5
127 -73.9836 40.6947   0   6   7
128 -74.0460 40.7233   4   0   0
129 -73.9497 40.7846   0   1   1
130 -73.9757 40.6809   0   1   0
131 -74.0715 40.7221   2   0   0
132 -73.9719 40.7938   0   1   0
133 -73.9632 40.6737   4   0   0
134 -73.9503 40.7905   0   8   1
135 -73.9664 40.8008   0   2   0
136 -73.9437 40.7892   8   0   0
137 -73.9243 40.7581   0   2   2
138 -73.9840 40.6638   2   0   1
139 -74.0055 40.7176   5   0   0
140 -73.9535 40.7714   6   0   1
141 -73.9938 40.6864   3   0   0
142 -74.0128 40.6773   0   2   3
143 -74.0023 40.7149   3   0   1
144 -73.9721 40.7571   0   1   3
145 -73.9565 40.8134   0   4   1
146 -74.0105 40.7175   0   3   2
147 -73.9779 40.7516   0   1   0
148 -73.9896 40.7403  10   0   2
149 -73.9849 40.7477   5   0   1
150 -74.0086 40.7288   3   0   1
151 -73.9892 40.7752   0  12   2
152 -73.9767 40.6869   0   6   2
153 -73.9524 40.7895  13   0   1
154 -74.0016 40.6876   0   2   0
155 -73.9503 40.7003   0   4   1
